iaspei91 P model       12   0.08992  -1.78000  6371.000
 Z    0.00  20.00  20.00  35.00  35.00  77.50 120.00 165.00 210.00 210.00 260.00 310.00
 V    5.80   5.80   6.50   6.50   8.04   8.05   8.05   8.18   8.30   8.30   8.48   8.66
DD    20.0000   11   92.6667   30
DZ     5.0000    4   10.9524   21
    0.0000    5.8000         0
  -31998  -28700  -25401  -22101  -18802  -15502  -12203   -8903   -6156   -4805   -3454   -2104    4153   10405   16653
   22894   29127   35351   41564   47765   53952   60123   66279   72415   78533   84630   90705   96626  101642  106184
  110313  113661  115280  116796  118188  119434  120517  121277  119837  118345  116793  115173
    5.0000    5.8000      2524
  -30276  -28492  -25293  -22037  -18758  -15472  -12183   -8892   -7356   -6005   -4655   -3304    2952    9204   15452
   21692   27925   34148   40361   46560   52747   58917   65072   71208   77324   83420   89493   95371  100364  104884
  108995  112249  113865  115376  116763  118004  119080  119762  118321  116827  115273  113651
   10.0000    5.8000      3570
  -28552  -27880  -24989  -21814  -18592  -15348  -12088   -9907   -8556   -7205   -5854   -4504    1752    8004   14251
   20491   26724   32946   39158   45357   51542   57712   63866   70001   76116   82210   88283   94115   99086  103583
  107678  110837  112449  113957  115339  116573  117643  118247  116805  115309  113754  112129
   15.0000    5.8000      4372
  -26828  -26952  -24469  -21492  -18325  -15400  -12863  -11105   -9754   -8404   -7053   -5703     553    6805   13052
   19292   25523   31745   37956   44155   50339   56508   62661   68794   74909   81002   87073   92859   97807  102282
  106361  109426  111035  112538  113914  115143  116207  116733  115289  113791  112234  110608
   20.0000    5.8000      5049
  -25104  -25851  -23792  -21255  -18717  -16180  -13654  -12303  -10952   -9601   -8251   -6900    -645    5607   11853
   18093   24324   30545   36756   42954   49137   55305   61457   67589   73702   79795   85864   91603   96528  100982
  105044  108015  109620  111119  112490  113714  114771  115219  113774  112274  110715  109087
   30.9524    6.5000      4131
  -21734  -23388  -22496  -20587  -18344  -16994  -15643  -14292  -12941  -11591  -10240   -8890   -2635    3616    9862
   16100   22330   28549   34758   40953   47135   53300   59449   65578   71688   77777   83842   89441   94302   98698
  102717  105439  107035  108522  109880  111088  112129  112376  110926  109423  107859  106224
   41.9048    8.0408      3258
  -18771  -20967  -21060  -20151  -18933  -17635  -16312  -14979  -13641  -12301  -10959   -9616   -3386    2845    9073
   15295   21509   27713   33906   40087   46253   52403   58537   64651   70746   76820   82869   88086   92830   97135
  101087  103455  105037  106508  107847  109035  110053  110043  108589  107080  105510  103868
   52.8571    8.0421      4987
  -16047  -18570  -19331  -19025  -18185  -17106  -15913  -14665  -13387  -12091  -10784   -9469   -3325    2853    9040
   15228   21412   27588   33754   39909   46050   52176   58285   64377   70449   76497   82147   87177   91782   95986
   99859  101818  103385  104837  106154  107318  108311  108010  106551  105036  103460  101808
   63.8095    8.0434      6222
  -13323  -16053  -17269  -17446  -16994  -16188  -15187  -14074  -12895  -11674  -10425   -9158   -3154    2943    9074
   15216   21361   27503   33638   39763   45876   51976   58060   64126   70170   76094   81344   86235   90713   94826
   98540  100186  101735  103168  104463  105602  106569  105981  104516  102995  101412   99751
   74.7619    8.0447      7238
  -10600  -13469  -15026  -15592  -15491  -14969  -14185  -13237  -12183  -11061   -9891   -8688   -2874    3115    9172
   15259   21357   27459   33558   39651   45734   51804   57858   63894   69913   75387   80504   85262   89627   93655
   96924   98556  100089  101501  102774  103888  104829  103955  102484  100956   99366   97696
   85.7143    8.0460      8122
   -7877  -10847  -12664  -13550  -13763  -13513  -12953  -12184  -11275  -10268   -9192   -8067   -2488    3368    9336
   15355   21400   27456   33515   39570   45618   51655   57678   63688   69353   74642   79633   84264   88528   92476
   95313   96930   98445   99837  101086  102176  103089  101931  100455   98921   97323   95642
   96.6667    8.0472      8915
   -5155   -8202  -10221  -11375  -11865  -11869  -11528  -10944  -10188   -9308   -8339   -7303   -1999    3701    9564
   15506   21490   27494   33507   39522   45533   51536   57530   63278   68693   73864   78733   83244   87416   91289
   93705   95307   96803   98174   99400  100465  101342   99911   98428   96888   95282   93592
  107.6190    8.0485      9639
   -2433   -5540   -7722   -9099   -9833  -10071   -9943   -9543   -8944   -8199   -7343   -6405   -1409    4112    9857
   15711   21625   27572   33536   39507   45479   51449   57191   62696   68000   73055   77805   82207   86295   90093
   92101   93687   95165   96514   97716   98755   99329   97893   96404   94857   93244   91543
  118.5714    8.0498     10311
     288   -2867   -5184   -6751   -7697   -8150   -8221   -8001   -7561   -6953   -6217   -5381    -721    4602   10213
   15970   21807   27691   33601   39525   45412   51110   56676   62078   67275   72219   76851   81155   85163   88840
   90501   92070   93528   94856   96034   97046   97320   95878   94383   92830   91208   89497
  129.5238    8.0762      8174
    3005    -189   -2618   -4348   -5483   -6131   -6389   -6343   -6059   -5591   -4977   -4251      49    5149   10609
   16250   21992   27789   33602   39377   45078   50680   56151   61452   66540   71368   75887   80101   84032   87263
   88910   90463   91901   93206   94359   95345   95318   93871   92370   90810   89180   87458
  140.4762    8.1065      7948
    5712    2484     -39   -1910   -3213   -4038   -4472   -4593   -4463   -4133   -3646   -3031     882    5735   11017
   16521   22144   27823   33510   39167   44763   50263   55632   60827   65805   70519   74932   79060   82916   85707
   87340   88874   90292   91573   92701   93660   93333   91880   90373   88806   87167   85434
  151.4286    8.1370      7993
    8409    5153    2549     554    -897   -1884   -2483   -2762   -2781   -2590   -2228   -1727    1782    6368   11458
   16807   22295   27849   33417   38961   44449   49845   55110   60202   65073   69674   73989   78033   81814   84172
   85789   87305   88702   89959   91061   91992   91363   89905   88391   86817   85169   83426
  162.3810    8.1676      8135
   11096    7815    5142    3038    1453     318    -432    -862   -1024    -968    -730    -343    2749    7052   11935
   17119   22466   27891   33337   38766   44143   49433   54594   59583   64347   68838   73058   77020   80727   82658
   84259   85756   87129   88362   89438   90341   89410   87946   86426   84844   83186   81433
  173.3333    8.1979      8345
   13773   10471    7736    5537    3832    2563    1670    1100     799     726     841    1112    3782    7790   12453
   17463   22662   27955   33279   38591   43858   49040   54096   58977   63627   68011   72140   76021   79494   81165
   82749   84225   85576   86784   87832   88706   87474   86003   84476   82887   81219   79456
  184.2857    8.2282      8560
   16440   13119   10330    8046    6233    4841    3818    3114    2683    2482    2478    2637    4879    8581   13016
   17844   22889   28046   33248   38446   43602   48675   53619   58382   62911   67192   71234   75038   78037   79693
   81258   82714   84041   85222   86243   86980   85553   84076   82542   80945   79267   77495
  195.2381    8.2587      8781
   19098   15760   12923   10563    8652    7148    6003    5174    4618    4297    4175    4224    6037    9427   13625
   18264   23151   28169   33247   38329   43372   48329   53150   57784   62198   66384   70343   74069   76601   78241
   79788   81222   82524   83679   84671   85081   83649   82165   80625   79019   77329   75549
  206.1905    8.2893      9004
   21745   18392   15513   13085   11084    9477    8220    7274    6600    6162    5927    5868    7255   10325   14280
   18724   23447   28324   33274   38239   43163   47989   52674   57181   61490   65589   69467   73116   75187   76811
   78337   79748   81026   82153   83116   83198   81761   80271   78723   77109   75408   73618
  217.1429    8.3257      8951
   24382   21016   18098   15609   13526   11824   10463    9407    8621    8071    7728    7564    8527   11274   14978
   19222   23774   28502   33317   38148   42936   47629   52189   56587   60800   64812   68608   72107   73795   75402
   76908   78295   79546   80645   81578   81333   79889   78393   76837   75215   73502   71704
  228.0952    8.3654      9033
   27007   23629   20676   18131   15974   14184   12726   11566   10674   10018    9570    9303    9847   12266   15713
   19747   24123   28693   33362   38053   42708   47278   51724   56018   60136   64058   67770   70757   72431   74019
   75503   76866   78090   79160   80063   79488   78038   76535   74972   73340   71615   69810
  239.0476    8.4054      9163
   29619   26230   23245   20649   18425   16553   15005   13748   12756   11998   11448   11083   11212   13300   16484
   20302   24495   28903   33422   37975   42500   46949   51284   55475   59496   63328   66955   69437   71094   72663
   74124   75461   76657   77697   78569   77664   76208   74697   73126   71484   69748   67935
  250.0000    8.4456      9310
   32219   28820   25806   23164   20877   18930   17297   15950   14861   14006   13359   12898   12619   14376   17293
   20891   24895   29138   33507   37921   42317   46646   50869   54956   58879   62620   66163   68145   69785   71332
   72770   74080   75247   76257   77096   75860   74397   72879   71301   69648   67901   66079
