   0.00   8.02   8.02
   0.10   8.02   8.01
   0.18   8.02   8.00
   0.27   8.02   7.99
   0.36   8.02   7.98
   0.45   8.02   7.97
   0.54   8.02   7.95
   0.63   8.02   7.94
   0.72   8.02   7.93
   0.81   8.02   7.92
   0.90   8.02   7.91
   0.99   8.02   7.90
   1.08   8.02   7.89
   1.17   8.02   7.88
   1.26   8.02   7.87
   1.35   8.02   7.86
   1.44   8.02   7.85
   1.52   8.02   7.84
   1.62   8.02   7.83
   1.70   8.02   7.82
   1.80   8.02   7.81
   1.89   8.02   7.80
   1.98   8.02   7.79
   2.07   8.02   7.78
   2.15   8.02   7.77
   2.24   8.02   7.76
   2.33   8.03   7.75
   2.43   8.03   7.73
   2.51   8.03   7.72
   2.60   8.03   7.71
   2.69   8.03   7.70
   2.78   8.03   7.69
   2.87   8.03   7.68
   2.96   8.03   7.67
   3.05   8.03   7.66
   3.14   8.03   7.65
   3.23   8.03   7.64
   3.32   8.03   7.63
   3.41   8.03   7.62
   3.50   8.03   7.61
   3.59   8.03   7.60
   3.68   8.03   7.59
   3.77   8.04   7.58
   3.86   8.04   7.57
   3.95   8.04   7.56
   4.04   8.04   7.55
   4.13   8.04   7.54
   4.22   8.04   7.53
   4.31   8.04   7.52
   4.40   8.04   7.51
   4.49   8.04   7.50
   4.58   8.04   7.49
   4.67   8.04   7.48
   4.76   8.05   7.47
   4.85   8.05   7.46
   4.94   8.05   7.45
   5.03   8.05   7.44
   5.12   8.05   7.43
   5.21   8.05   7.43
   5.31   8.05   7.42
   5.40   8.05   7.41
   5.49   8.05   7.40
   5.58   8.06   7.39
   5.67   8.06   7.38
   5.76   8.06   7.37
   5.85   8.06   7.36
   5.94   8.06   7.35
   6.03   8.06   7.34
   6.12   8.06   7.33
   6.21   8.06   7.32
   6.30   8.07   7.31
   6.39   8.07   7.30
   6.48   8.07   7.29
   6.57   8.07   7.28
   6.66   8.07   7.27
   6.75   8.07   7.26
   6.84   8.07   7.25
   6.93   8.08   7.24
   7.02   8.08   7.23
   7.11   8.08   7.22
   7.20   8.08   7.22
   7.29   8.08   7.21
   7.39   8.08   7.20
   7.48   8.08   7.19
   7.57   8.09   7.18
   7.66   8.09   7.17
   7.75   8.09   7.16
   7.84   8.09   7.15
   7.93   8.09   7.14
   8.02   8.09   7.13
   8.11   8.10   7.12
   8.20   8.10   7.11
   8.29   8.10   7.10
   8.38   8.10   7.10
   8.48   8.10   7.09
   8.57   8.10   7.08
   8.66   8.11   7.07
   8.75   8.11   7.06
   8.84   8.11   7.05
   8.93   8.11   7.04
   9.02   8.11   7.03
   9.75   8.13   6.96
  10.48   8.15   6.89
  11.22   8.17   6.82
  11.95   8.19   6.75
  12.69   8.21   6.68
  13.43   8.23   6.62
  14.18   8.25   6.55
  14.92   8.28   6.49
  15.67   8.30   6.42
  16.42   8.33   6.36
  17.18   8.36   6.30
  17.94   8.39   6.24
  18.70   8.42   6.18
  19.47   8.45   6.12
  20.24   8.49   6.06
  21.01   8.52   6.00
  21.79   8.56   5.94
  22.58   8.60   5.89
  23.36   8.64   5.83
  24.16   8.68   5.78
  24.95   8.72   5.73
  25.76   8.76   5.67
  26.56   8.81   5.62
  27.38   8.86   5.57
  28.20   8.90   5.52
  29.02   8.95   5.47
  29.85   9.00   5.42
  30.69   9.06   5.37
  31.54   9.11   5.33
  32.39   9.17   5.28
  33.24   9.22   5.24
  34.11   9.28   5.19
  34.98   9.34   5.15
  35.86   9.41   5.10
  36.75   9.47   5.06
  37.64   9.54   5.02
  38.55   9.60   4.98
  39.46   9.67   4.94
  40.38   9.74   4.90
  41.31   9.82   4.86
  42.25   9.89   4.82
  43.20   9.97   4.78
  44.16  10.04   4.75
  45.13  10.13   4.71
  46.11  10.21   4.67
  47.10  10.29   4.64
  48.10  10.38   4.60
  49.11  10.46   4.57
  50.14  10.55   4.54
  51.18  10.65   4.51
  52.23  10.74   4.47
  53.29  10.84   4.44
  54.36  10.94   4.41
  55.45  11.04   4.38
  56.56  11.14   4.35
  57.67  11.25   4.33
  58.80  11.35   4.30
  59.95  11.47   4.27
  61.11  11.58   4.24
  62.29  11.69   4.22
  63.49  11.81   4.19
  64.70  11.93   4.17
  65.93  12.06   4.14
  67.18  12.18   4.12
  68.45  12.31   4.10
  69.74  12.44   4.08
  71.04  12.58   4.05
  72.37  12.72   4.03
  73.72  12.86   4.01
  75.09  13.00   3.99
  76.48  13.15   3.97
  77.90  13.30   3.95
  79.34  13.46   3.94
  80.81  13.62   3.92
  82.30  13.78   3.90
  83.81  13.94   3.89
  85.36  14.11   3.87
  86.93  14.29   3.85
  88.53  14.46   3.84
  90.17  14.65   3.83
  91.83  14.83   3.81
  93.52  15.02   3.80
  95.25  15.22   3.79
  97.02  15.42   3.78
  98.82  15.62   3.77
 100.65  15.83   3.75
 102.53  16.05   3.75
 104.44  16.27   3.74
 106.40  16.50   3.73
 108.39  16.73   3.72
 110.43  16.96   3.71
 112.52  17.21   3.71
 114.65  17.46   3.70
 116.84  17.71   3.69
 119.07  17.98   3.69
 121.35  18.25   3.69
 123.69  18.52   3.68
 126.09  18.81   3.68
 128.54  19.10   3.68
 131.05  19.40   3.67
