   0.00   4.75   4.75
   0.09   4.75   4.74
   0.17   4.75   4.73
   0.25   4.75   4.72
   0.34   4.75   4.71
   0.43   4.75   4.70
   0.51   4.75   4.69
   0.60   4.75   4.68
   0.69   4.75   4.67
   0.77   4.75   4.66
   0.86   4.75   4.65
   0.94   4.75   4.64
   1.03   4.75   4.63
   1.11   4.75   4.62
   1.20   4.76   4.61
   1.28   4.76   4.60
   1.37   4.76   4.59
   1.46   4.76   4.58
   1.54   4.76   4.57
   1.63   4.76   4.56
   1.71   4.76   4.55
   1.80   4.76   4.54
   1.88   4.76   4.53
   1.97   4.76   4.52
   2.06   4.76   4.51
   2.14   4.76   4.51
   2.23   4.76   4.50
   2.31   4.76   4.49
   2.40   4.76   4.48
   2.48   4.77   4.47
   2.57   4.77   4.46
   2.66   4.77   4.45
   2.74   4.77   4.44
   2.83   4.77   4.43
   2.91   4.77   4.42
   3.00   4.77   4.41
   3.09   4.77   4.40
   3.17   4.77   4.39
   3.26   4.78   4.39
   3.34   4.78   4.38
   3.43   4.78   4.37
   3.52   4.78   4.36
   3.60   4.78   4.35
   3.69   4.78   4.34
   3.77   4.78   4.33
   3.86   4.79   4.32
   3.95   4.79   4.31
   4.03   4.79   4.30
   4.12   4.79   4.30
   4.21   4.79   4.29
   4.29   4.79   4.28
   4.38   4.80   4.27
   4.47   4.80   4.26
   4.55   4.80   4.25
   4.64   4.80   4.24
   4.72   4.80   4.24
   4.81   4.80   4.23
   4.90   4.81   4.22
   4.98   4.81   4.21
   5.07   4.81   4.20
   5.16   4.81   4.19
   5.25   4.81   4.19
   5.33   4.82   4.18
   5.42   4.82   4.17
   5.51   4.82   4.16
   5.59   4.82   4.15
   5.68   4.83   4.14
   5.77   4.83   4.14
   5.85   4.83   4.13
   5.94   4.83   4.12
   6.03   4.83   4.11
   6.12   4.84   4.10
   6.20   4.84   4.09
   6.29   4.84   4.09
   6.38   4.84   4.08
   6.47   4.85   4.07
   6.55   4.85   4.06
   6.64   4.85   4.06
   6.73   4.85   4.05
   6.82   4.86   4.04
   6.90   4.86   4.03
   6.99   4.86   4.02
   7.08   4.87   4.02
   7.17   4.87   4.01
   7.25   4.87   4.00
   7.34   4.87   3.99
   7.43   4.88   3.99
   7.52   4.88   3.98
   7.61   4.88   3.97
   7.70   4.89   3.96
   7.78   4.89   3.95
   7.87   4.89   3.95
   7.96   4.90   3.94
   8.05   4.90   3.93
   8.14   4.90   3.92
   8.23   4.90   3.92
   8.31   4.91   3.91
   8.40   4.91   3.90
   8.49   4.91   3.90
   8.58   4.92   3.89
   8.67   4.92   3.88
   9.38   4.95   3.82
  10.10   4.98   3.77
  10.83   5.01   3.71
  11.56   5.05   3.66
  12.29   5.09   3.61
  13.03   5.13   3.56
  13.78   5.17   3.52
  14.54   5.21   3.47
  15.30   5.26   3.42
  16.07   5.31   3.38
  16.85   5.36   3.34
  17.63   5.42   3.30
  18.43   5.47   3.26
  19.24   5.53   3.23
  20.05   5.60   3.19
  20.88   5.66   3.16
  21.71   5.73   3.12
  22.56   5.80   3.09
  23.42   5.87   3.06
  24.29   5.95   3.03
  25.17   6.03   3.01
  26.06   6.11   2.98
  26.97   6.19   2.96
  27.90   6.28   2.93
  28.83   6.37   2.91
  29.78   6.46   2.89
  30.75   6.56   2.87
  31.73   6.66   2.85
  32.73   6.76   2.83
  33.75   6.87   2.82
  34.79   6.98   2.80
  35.84   7.09   2.79
  36.91   7.21   2.78
  38.00   7.33   2.76
  39.12   7.45   2.75
  40.25   7.58   2.75
  41.41   7.71   2.74
  42.59   7.84   2.73
  43.80   7.98   2.72
  45.04   8.12   2.72
  46.30   8.27   2.72
  47.59   8.42   2.71
  48.91   8.58   2.71
  50.27   8.74   2.71
  51.67   8.91   2.71
  53.10   9.08   2.71
  54.58   9.26   2.71
  56.11   9.45   2.72
  57.69   9.64   2.72
  59.33   9.84   2.73
  61.03  10.05   2.73
  62.80  10.28   2.74
  64.66  10.51   2.75
  66.62  10.75   2.76
  68.68  11.01   2.77
  70.88  11.29   2.78
  73.22  11.58   2.80
  75.75  11.90   2.81
  78.49  12.25   2.83
  81.50  12.63   2.85
  84.82  13.05   2.87
  88.53  13.52   2.90
  92.73  14.06   2.93
  97.50  14.67   2.97
 102.99  15.37   3.01
 109.31  16.17   3.05
 116.59  17.10   3.11
 124.93  18.17   3.18
 134.37  19.37   3.25
 144.89  20.72   3.33
 156.40  22.19   3.42
 168.78  23.77   3.51
 181.86  25.44   3.61
 195.52  27.18   3.71
 209.61  28.97   3.82
 224.03  30.81   3.92
 238.69  32.67   4.03
 253.51  34.56   4.13
 268.45  36.45   4.24
 283.45  38.35   4.34
 298.50  40.26   4.44
 313.55  42.16   4.53
 328.60  44.06   4.63
 343.62  45.95   4.72
 358.61  47.83   4.80
 373.56  49.71   4.88
 388.45  51.58   4.96
 403.29  53.43   5.04
 418.08  55.28   5.11
 432.79  57.11   5.17
 447.45  58.93   5.23
 462.04  60.74   5.29
 476.56  62.53   5.34
 491.01  64.31   5.39
 505.40  66.08   5.44
 519.72  67.84   5.47
 533.97  69.59   5.51
 548.15  71.32   5.54
 562.27  73.04   5.56
 576.33  74.74   5.58
