   0.00  15.18  15.18
   0.08  15.18  15.17
   0.16  15.18  15.16
   0.26  15.18  15.15
   0.37  15.18  15.13
   0.45  15.18  15.12
   0.54  15.18  15.11
   0.64  15.18  15.10
   0.72  15.18  15.09
   0.81  15.18  15.08
   0.91  15.18  15.07
   0.99  15.18  15.06
   1.08  15.18  15.05
   1.17  15.18  15.04
   1.26  15.18  15.03
   1.35  15.18  15.02
   1.44  15.18  15.01
   1.54  15.18  14.99
   1.62  15.18  14.98
   1.72  15.18  14.97
   1.80  15.18  14.96
   1.89  15.18  14.95
   1.98  15.18  14.94
   2.07  15.18  14.93
   2.16  15.18  14.92
   2.25  15.18  14.91
   2.35  15.18  14.90
   2.44  15.18  14.89
   2.53  15.18  14.88
   2.61  15.18  14.87
   2.70  15.18  14.86
   2.80  15.18  14.85
   2.89  15.18  14.84
   2.98  15.18  14.83
   3.07  15.18  14.81
   3.16  15.18  14.80
   3.25  15.18  14.79
   3.34  15.18  14.78
   3.43  15.18  14.77
   3.52  15.18  14.76
   3.61  15.18  14.75
   3.70  15.18  14.74
   3.79  15.19  14.73
   3.88  15.19  14.72
   3.97  15.19  14.71
   4.06  15.19  14.70
   4.15  15.19  14.69
   4.24  15.19  14.68
   4.33  15.19  14.67
   4.42  15.19  14.66
   4.51  15.19  14.65
   4.60  15.19  14.64
   4.69  15.19  14.63
   4.78  15.19  14.62
   4.87  15.19  14.61
   4.96  15.19  14.60
   5.05  15.19  14.59
   5.14  15.19  14.57
   5.23  15.19  14.56
   5.32  15.19  14.55
   5.41  15.19  14.54
   5.50  15.19  14.53
   5.59  15.19  14.52
   5.68  15.19  14.51
   5.77  15.20  14.50
   5.86  15.20  14.49
   5.95  15.20  14.48
   6.04  15.20  14.47
   6.14  15.20  14.46
   6.23  15.20  14.45
   6.32  15.20  14.44
   6.41  15.20  14.43
   6.50  15.20  14.42
   6.59  15.20  14.41
   6.68  15.20  14.40
   6.77  15.20  14.39
   6.86  15.20  14.38
   6.95  15.20  14.37
   7.04  15.20  14.36
   7.13  15.20  14.35
   7.22  15.21  14.34
   7.31  15.21  14.33
   7.40  15.21  14.32
   7.49  15.21  14.31
   7.58  15.21  14.30
   7.67  15.21  14.29
   7.76  15.21  14.28
   7.85  15.21  14.27
   7.94  15.21  14.26
   8.03  15.21  14.25
   8.12  15.21  14.24
   8.21  15.21  14.23
   8.30  15.21  14.22
   8.39  15.22  14.21
   8.49  15.22  14.20
   8.58  15.22  14.19
   8.67  15.22  14.18
   8.76  15.22  14.17
   8.85  15.22  14.16
   8.94  15.22  14.15
   9.03  15.22  14.14
   9.75  15.23  14.06
  10.48  15.24  13.98
  11.20  15.24  13.90
  11.93  15.25  13.82
  12.65  15.26  13.75
  13.38  15.27  13.67
  14.11  15.28  13.59
  14.84  15.30  13.52
  15.57  15.31  13.44
  16.30  15.32  13.36
  17.03  15.33  13.29
  17.76  15.35  13.22
  18.49  15.36  13.14
  19.22  15.38  13.07
  19.96  15.39  13.00
  20.69  15.41  12.92
  21.43  15.42  12.85
  22.16  15.44  12.78
  22.90  15.46  12.71
  23.64  15.48  12.64
  24.38  15.49  12.57
  25.12  15.51  12.50
  25.86  15.53  12.43
  26.61  15.55  12.36
  27.35  15.58  12.29
  28.10  15.60  12.23
  28.84  15.62  12.16
  29.59  15.64  12.09
  30.34  15.67  12.02
  31.09  15.69  11.96
  31.85  15.71  11.89
  32.60  15.74  11.83
  33.36  15.77  11.76
  34.12  15.79  11.70
  34.88  15.82  11.63
  35.64  15.85  11.57
  36.40  15.87  11.51
  37.16  15.90  11.44
  37.93  15.93  11.38
  38.70  15.96  11.32
  39.47  15.99  11.26
  40.24  16.03  11.20
  41.01  16.06  11.14
  41.79  16.09  11.08
  42.57  16.12  11.02
  43.35  16.16  10.96
  44.13  16.19  10.90
  44.91  16.23  10.84
  45.70  16.26  10.78
  46.49  16.30  10.72
  47.28  16.34  10.66
  48.07  16.37  10.61
  48.87  16.41  10.55
  49.67  16.45  10.49
  50.47  16.49  10.43
  51.27  16.53  10.38
  52.07  16.57  10.32
  52.88  16.61  10.27
  53.69  16.66  10.21
  54.51  16.70  10.16
  55.32  16.74  10.10
  56.14  16.79  10.05
  56.96  16.83  10.00
  57.78  16.88   9.94
  58.61  16.92   9.89
  59.44  16.97   9.84
  60.27  17.02   9.79
  61.11  17.07   9.73
  61.95  17.12   9.68
  62.79  17.17   9.63
  63.64  17.22   9.58
  64.48  17.27   9.53
  65.34  17.32   9.48
  66.19  17.37   9.43
  67.05  17.43   9.38
  67.91  17.48   9.33
  68.77  17.54   9.28
  69.64  17.59   9.23
  70.51  17.65   9.19
  71.39  17.70   9.14
  72.27  17.76   9.09
  73.15  17.82   9.04
  74.04  17.88   9.00
  74.93  17.94   8.95
  75.82  18.00   8.90
  76.72  18.06   8.86
  77.62  18.13   8.81
  78.53  18.19   8.77
  79.44  18.25   8.72
  80.35  18.32   8.68
  81.27  18.38   8.63
  82.19  18.45   8.59
  83.12  18.52   8.54
  84.05  18.58   8.50
  84.98  18.65   8.46
  85.92  18.72   8.41
  86.87  18.79   8.37
  87.82  18.87   8.33
  88.77  18.94   8.28
  89.73  19.01   8.24
