   0.00   4.24   4.24
   0.08   4.24   4.23
   0.17   4.24   4.22
   0.25   4.24   4.21
   0.34   4.24   4.20
   0.42   4.24   4.19
   0.51   4.24   4.18
   0.59   4.24   4.17
   0.68   4.24   4.16
   0.76   4.24   4.15
   0.85   4.24   4.14
   0.93   4.24   4.13
   1.02   4.24   4.12
   1.10   4.24   4.11
   1.19   4.24   4.10
   1.27   4.24   4.09
   1.36   4.24   4.08
   1.44   4.24   4.07
   1.53   4.25   4.06
   1.61   4.25   4.05
   1.70   4.25   4.04
   1.78   4.25   4.03
   1.87   4.25   4.02
   1.95   4.25   4.02
   2.04   4.25   4.01
   2.12   4.25   4.00
   2.21   4.25   3.99
   2.29   4.25   3.98
   2.38   4.25   3.97
   2.46   4.26   3.96
   2.55   4.26   3.95
   2.63   4.26   3.94
   2.72   4.26   3.93
   2.80   4.26   3.92
   2.89   4.26   3.91
   2.97   4.26   3.91
   3.06   4.26   3.90
   3.14   4.27   3.89
   3.23   4.27   3.88
   3.31   4.27   3.87
   3.40   4.27   3.86
   3.48   4.27   3.85
   3.57   4.27   3.84
   3.65   4.27   3.84
   3.74   4.28   3.83
   3.83   4.28   3.82
   3.91   4.28   3.81
   4.00   4.28   3.80
   4.08   4.28   3.79
   4.17   4.29   3.79
   4.25   4.29   3.78
   4.34   4.29   3.77
   4.43   4.29   3.76
   4.51   4.29   3.75
   4.60   4.30   3.74
   4.68   4.30   3.74
   4.77   4.30   3.73
   4.86   4.30   3.72
   4.94   4.30   3.71
   5.03   4.31   3.70
   5.11   4.31   3.69
   5.20   4.31   3.69
   5.29   4.31   3.68
   5.37   4.32   3.67
   5.46   4.32   3.66
   5.55   4.32   3.66
   5.63   4.32   3.65
   5.72   4.33   3.64
   5.81   4.33   3.63
   5.89   4.33   3.62
   5.98   4.33   3.62
   6.07   4.34   3.61
   6.15   4.34   3.60
   6.24   4.34   3.59
   6.33   4.34   3.59
   6.41   4.35   3.58
   6.50   4.35   3.57
   6.59   4.35   3.56
   6.67   4.36   3.56
   6.76   4.36   3.55
   6.85   4.36   3.54
   6.94   4.37   3.53
   7.02   4.37   3.53
   7.11   4.37   3.52
   7.20   4.38   3.51
   7.29   4.38   3.50
   7.37   4.38   3.50
   7.46   4.39   3.49
   7.55   4.39   3.48
   7.64   4.39   3.48
   7.73   4.40   3.47
   7.81   4.40   3.46
   7.90   4.40   3.45
   7.99   4.41   3.45
   8.08   4.41   3.44
   8.17   4.41   3.43
   8.26   4.42   3.43
   8.34   4.42   3.42
   8.43   4.43   3.41
   8.52   4.43   3.41
   8.61   4.43   3.40
   9.32   4.47   3.35
  10.04   4.50   3.30
  10.77   4.54   3.25
  11.50   4.58   3.20
  12.24   4.62   3.15
  12.99   4.67   3.11
  13.74   4.72   3.07
  14.50   4.77   3.03
  15.27   4.82   2.99
  16.05   4.88   2.95
  16.84   4.94   2.92
  17.64   5.00   2.88
  18.45   5.07   2.85
  19.27   5.14   2.82
  20.10   5.21   2.79
  20.95   5.28   2.77
  21.80   5.36   2.74
  22.67   5.44   2.72
  23.55   5.52   2.70
  24.44   5.61   2.68
  25.35   5.70   2.66
  26.26   5.79   2.64
  27.20   5.89   2.62
  28.14   5.98   2.61
  29.10   6.09   2.59
  30.08   6.19   2.58
  31.07   6.30   2.57
  32.07   6.41   2.56
  33.09   6.52   2.55
  34.13   6.64   2.55
  35.18   6.76   2.54
  36.25   6.89   2.54
  37.33   7.01   2.53
  38.42   7.14   2.53
  39.54   7.27   2.53
  40.66   7.41   2.53
  41.81   7.55   2.53
  42.97   7.69   2.53
  44.14   7.83   2.54
  45.33   7.98   2.54
  46.53   8.13   2.54
  47.75   8.28   2.55
  48.99   8.43   2.56
  50.24   8.59   2.56
  51.50   8.75   2.57
  52.77   8.91   2.58
  54.06   9.08   2.59
  55.37   9.24   2.60
  56.68   9.41   2.61
  58.01   9.58   2.62
  59.35   9.75   2.63
  60.71   9.93   2.64
  62.07  10.10   2.66
  63.45  10.28   2.67
  64.84  10.46   2.68
  66.23  10.64   2.69
  67.64  10.82   2.71
  69.06  11.01   2.72
  70.48  11.19   2.73
  71.92  11.38   2.75
  73.36  11.57   2.76
  74.82  11.75   2.78
  76.28  11.94   2.79
  77.75  12.13   2.80
  79.22  12.32   2.82
  80.70  12.51   2.83
  82.19  12.70   2.84
  83.68  12.90   2.85
  85.18  13.09   2.87
 145.83  20.86   3.36
 189.92  26.50   3.71
 222.62  30.68   3.97
 250.72  34.26   4.18
 276.19  37.50   4.36
 299.93  40.52   4.53
 322.43  43.37   4.67
 343.98  46.09   4.81
 364.77  48.71   4.94
 384.95  51.24   5.05
 404.61  53.71   5.16
 423.83  56.11   5.25
 442.66  58.46   5.34
 461.16  60.76   5.42
 479.35  63.01   5.49
 497.27  65.23   5.55
 514.95  67.40   5.61
 532.40  69.54   5.66
 549.64  71.65   5.70
 566.69  73.73   5.73
 583.56  75.79   5.76
 600.26  77.81   5.78
 616.81  79.81   5.79
 633.21  81.78   5.79
 649.47  83.73   5.79
 665.60  85.66   5.78
 681.61  87.56   5.77
 697.49  89.44   5.74
 713.27  91.31   5.72
 728.93  93.15   5.68
 744.49  94.98   5.64
