   0.00   0.00   0.00
   0.00   0.00   0.00
   0.00   0.00   0.00
   0.00   0.00   0.00
   0.00   0.00   0.00
   0.00   0.00   0.00
   0.00   0.00   0.00
   0.00   0.00   0.00
   0.00   0.00   0.00
   0.00   0.00   0.00
   0.00   0.00   0.00
  14.09   2.51   0.82
  27.07   4.81   1.56
  39.18   6.92   2.22
  50.62   8.87   2.80
  61.52  10.69   3.31
  71.97  12.39   3.75
  82.07  13.99   4.14
  91.86  15.50   4.47
 101.40  16.92   4.75
 110.73  18.27   4.99
 119.87  19.56   5.18
 128.85  20.79   5.33
 137.69  21.96   5.44
 350.81  49.19   7.09
 550.69  74.20   8.12
 689.39  91.05   8.32
 805.71 104.78   8.09
 909.59 116.69   7.54
 914.59 117.25   7.50
 919.59 117.80   7.45
 924.59 118.36   7.41
 929.59 118.92   7.37
 934.59 119.47   7.32
 939.59 120.03   7.28
 944.59 120.58   7.23
 949.59 121.14   7.19
 954.59 121.69   7.14
 959.59 122.25   7.10
 964.59 122.80   7.05
 969.59 123.36   7.01
 974.59 123.92   6.97
 979.59 124.47   6.92
