   0.00   9.25   9.25
   0.10   9.25   9.24
   0.19   9.25   9.23
   0.27   9.25   9.22
   0.36   9.25   9.21
   0.45   9.25   9.19
   0.54   9.25   9.18
   0.63   9.25   9.17
   0.72   9.25   9.16
   0.81   9.25   9.15
   0.90   9.25   9.14
   0.99   9.25   9.13
   1.08   9.25   9.12
   1.17   9.25   9.11
   1.27   9.25   9.10
   1.35   9.25   9.09
   1.44   9.25   9.08
   1.53   9.25   9.07
   1.62   9.25   9.06
   1.72   9.25   9.04
   1.81   9.25   9.03
   1.89   9.25   9.02
   1.99   9.25   9.01
   2.08   9.25   9.00
   2.17   9.25   8.99
   2.26   9.25   8.98
   2.35   9.25   8.97
   2.44   9.25   8.96
   2.53   9.25   8.95
   2.62   9.25   8.94
   2.71   9.26   8.93
   2.80   9.26   8.92
   2.89   9.26   8.91
   2.98   9.26   8.90
   3.07   9.26   8.89
   3.16   9.26   8.88
   3.25   9.26   8.87
   3.34   9.26   8.86
   3.43   9.26   8.85
   3.52   9.26   8.84
   3.61   9.26   8.83
   3.70   9.26   8.82
   3.79   9.26   8.81
   3.88   9.26   8.80
   3.97   9.26   8.79
   4.06   9.26   8.78
   4.15   9.26   8.77
   4.24   9.27   8.76
   4.33   9.27   8.75
   4.43   9.27   8.74
   4.52   9.27   8.73
   4.61   9.27   8.72
   4.70   9.27   8.71
   4.79   9.27   8.70
   4.88   9.27   8.69
   4.97   9.27   8.68
   5.06   9.27   8.67
   5.15   9.27   8.66
   5.24   9.27   8.65
   5.33   9.28   8.64
   5.42   9.28   8.63
   5.51   9.28   8.62
   5.60   9.28   8.61
   5.69   9.28   8.60
   5.78   9.28   8.59
   5.87   9.28   8.58
   5.96   9.28   8.57
   6.06   9.28   8.56
   6.15   9.29   8.55
   6.24   9.29   8.54
   6.33   9.29   8.53
   6.42   9.29   8.52
   6.51   9.29   8.51
   6.60   9.29   8.50
   6.69   9.29   8.49
   6.78   9.29   8.48
   6.87   9.29   8.47
   6.96   9.30   8.46
   7.05   9.30   8.45
   7.15   9.30   8.44
   7.24   9.30   8.43
   7.33   9.30   8.42
   7.42   9.30   8.41
   7.51   9.30   8.40
   7.60   9.30   8.39
   7.69   9.31   8.38
   7.78   9.31   8.37
   7.87   9.31   8.36
   7.96   9.31   8.35
   8.05   9.31   8.35
   8.15   9.31   8.34
   8.24   9.31   8.33
   8.33   9.32   8.32
   8.42   9.32   8.31
   8.51   9.32   8.30
   8.60   9.32   8.29
   8.69   9.32   8.28
   8.78   9.32   8.27
   8.88   9.33   8.26
   8.97   9.33   8.25
   9.06   9.33   8.24
   9.79   9.34   8.17
  10.52   9.36   8.09
  11.25   9.37   8.02
  11.99   9.39   7.95
  12.73   9.41   7.88
  13.47   9.43   7.81
  14.21   9.45   7.74
  14.95   9.47   7.67
  15.69   9.49   7.60
  16.44   9.51   7.54
  17.19   9.54   7.47
  17.94   9.56   7.41
  18.70   9.59   7.34
  19.46   9.61   7.28
  20.22   9.64   7.22
  20.98   9.67   7.15
  21.75   9.70   7.09
  22.52   9.74   7.03
  23.29   9.77   6.97
  24.07   9.80   6.91
  24.85   9.84   6.86
  25.63   9.87   6.80
  26.42   9.91   6.74
  27.21   9.95   6.69
  28.01   9.99   6.63
  28.81  10.03   6.58
  29.61  10.08   6.52
  30.42  10.12   6.47
  31.24  10.16   6.42
  32.06  10.21   6.36
  32.88  10.26   6.31
  33.71  10.31   6.26
  34.54  10.36   6.21
  35.38  10.41   6.16
  36.23  10.46   6.11
  37.08  10.52   6.07
  37.93  10.57   6.02
  38.80  10.63   5.97
  39.67  10.69   5.93
  40.54  10.74   5.88
  41.42  10.81   5.83
  42.31  10.87   5.79
  43.21  10.93   5.75
  44.11  11.00   5.70
  45.02  11.06   5.66
  45.93  11.13   5.62
  46.86  11.20   5.58
  47.79  11.27   5.54
  48.73  11.34   5.50
  49.68  11.42   5.46
  50.64  11.49   5.42
  51.60  11.57   5.38
  52.57  11.65   5.34
  53.56  11.73   5.30
  54.55  11.81   5.27
  55.55  11.90   5.23
  56.56  11.98   5.20
  57.58  12.07   5.16
  58.62  12.16   5.13
  59.66  12.25   5.09
  60.71  12.34   5.06
  61.77  12.44   5.02
  62.85  12.53   4.99
  63.94  12.63   4.96
  65.03  12.73   4.93
  66.14  12.84   4.90
  67.27  12.94   4.87
  68.40  13.05   4.84
  69.55  13.15   4.81
  70.71  13.26   4.78
  71.88  13.38   4.75
  73.07  13.49   4.72
  74.28  13.61   4.70
  75.49  13.73   4.67
  76.73  13.85   4.64
  77.97  13.97   4.62
  79.24  14.10   4.59
  80.52  14.23   4.57
  81.81  14.36   4.54
  83.13  14.49   4.52
  84.46  14.63   4.50
  85.81  14.77   4.47
  87.17  14.91   4.45
  88.56  15.06   4.43
  89.96  15.20   4.41
  91.39  15.35   4.39
  92.83  15.51   4.37
  94.30  15.66   4.35
  95.78  15.82   4.33
  97.29  15.98   4.31
  98.82  16.15   4.29
 100.38  16.32   4.27
 101.95  16.49   4.25
 103.56  16.66   4.24
 105.18  16.84   4.22
 106.83  17.02   4.20
 108.51  17.21   4.19
 110.21  17.40   4.17
 111.95  17.59   4.16
 113.70  17.79   4.14
