   0.00  18.57  18.57
   0.09  18.57  18.56
   0.15  18.57  18.56
   0.26  18.57  18.54
   0.36  18.57  18.53
   0.44  18.57  18.52
   0.53  18.57  18.51
   0.63  18.57  18.50
   0.72  18.57  18.49
   0.80  18.58  18.48
   0.90  18.58  18.47
   0.99  18.58  18.46
   1.08  18.58  18.45
   1.16  18.58  18.44
   1.25  18.58  18.43
   1.34  18.58  18.41
   1.43  18.58  18.40
   1.52  18.58  18.39
   1.61  18.58  18.38
   1.70  18.58  18.37
   1.79  18.58  18.36
   1.88  18.58  18.35
   1.97  18.58  18.34
   2.06  18.58  18.33
   2.15  18.58  18.32
   2.23  18.58  18.31
   2.32  18.58  18.30
   2.42  18.58  18.29
   2.50  18.58  18.28
   2.59  18.58  18.27
   2.68  18.58  18.26
   2.77  18.58  18.25
   2.86  18.58  18.23
   2.95  18.58  18.22
   3.04  18.58  18.21
   3.13  18.58  18.20
   3.22  18.58  18.19
   3.31  18.58  18.18
   3.40  18.58  18.17
   3.49  18.58  18.16
   3.58  18.58  18.15
   3.67  18.58  18.14
   3.76  18.58  18.13
   3.85  18.58  18.12
   3.94  18.58  18.11
   4.02  18.58  18.10
   4.11  18.58  18.09
   4.20  18.58  18.08
   4.29  18.58  18.07
   4.38  18.58  18.06
   4.47  18.58  18.05
   4.56  18.58  18.04
   4.65  18.58  18.03
   4.74  18.58  18.02
   4.83  18.58  18.00
   4.92  18.58  17.99
   5.01  18.59  17.98
   5.10  18.59  17.97
   5.19  18.59  17.96
   5.28  18.59  17.95
   5.37  18.59  17.94
   5.46  18.59  17.93
   5.55  18.59  17.92
   5.64  18.59  17.91
   5.73  18.59  17.90
   5.82  18.59  17.89
   5.91  18.59  17.88
   5.99  18.59  17.87
   6.08  18.59  17.86
   6.17  18.59  17.85
   6.26  18.59  17.84
   6.35  18.59  17.83
   6.44  18.59  17.82
   6.53  18.59  17.81
   6.62  18.59  17.80
   6.71  18.59  17.79
   6.80  18.59  17.78
   6.89  18.59  17.77
   6.98  18.60  17.76
   7.07  18.60  17.75
   7.16  18.60  17.74
   7.25  18.60  17.73
   7.34  18.60  17.72
   7.43  18.60  17.71
   7.52  18.60  17.70
   7.61  18.60  17.69
   7.70  18.60  17.68
   7.79  18.60  17.67
   7.87  18.60  17.66
   7.97  18.60  17.65
   8.05  18.60  17.64
   8.14  18.60  17.63
   8.23  18.60  17.62
   8.32  18.60  17.61
   8.41  18.60  17.59
   8.50  18.61  17.58
   8.59  18.61  17.57
   8.68  18.61  17.56
   8.77  18.61  17.55
   8.86  18.61  17.54
   8.95  18.61  17.53
   9.67  18.61  17.45
  10.39  18.62  17.37
  11.10  18.63  17.29
  11.82  18.63  17.21
  12.54  18.64  17.14
  13.26  18.65  17.06
  13.98  18.66  16.98
  14.70  18.67  16.90
  15.42  18.67  16.82
  16.14  18.68  16.75
  16.86  18.69  16.67
  17.58  18.70  16.59
  18.30  18.71  16.52
  19.02  18.73  16.44
  19.75  18.74  16.37
  20.47  18.75  16.29
  21.20  18.76  16.22
  21.92  18.78  16.14
  22.65  18.79  16.07
  23.37  18.80  16.00
  24.10  18.82  15.92
  24.83  18.83  15.85
  25.55  18.85  15.78
  26.28  18.86  15.71
  27.01  18.88  15.64
  27.74  18.89  15.57
  28.47  18.91  15.49
  29.21  18.93  15.42
  29.94  18.95  15.35
  30.67  18.96  15.28
  31.41  18.98  15.21
  32.14  19.00  15.15
  32.88  19.02  15.08
  33.62  19.04  15.01
  34.35  19.06  14.94
  35.09  19.08  14.87
  35.83  19.11  14.81
  36.57  19.13  14.74
  37.32  19.15  14.67
  38.06  19.17  14.60
  38.80  19.20  14.54
  39.55  19.22  14.47
  40.30  19.24  14.41
  41.05  19.27  14.34
  41.79  19.29  14.28
  42.54  19.32  14.21
  43.30  19.34  14.15
  44.05  19.37  14.08
  44.80  19.40  14.02
  45.56  19.42  13.96
  46.32  19.45  13.89
  47.07  19.48  13.83
  47.83  19.51  13.77
  48.59  19.54  13.71
  49.36  19.57  13.65
  50.12  19.60  13.58
  50.89  19.63  13.52
  51.65  19.66  13.46
  52.42  19.69  13.40
  53.19  19.72  13.34
  53.96  19.76  13.28
  54.73  19.79  13.22
  55.51  19.82  13.16
  56.28  19.86  13.10
  57.06  19.89  13.04
  57.84  19.93  12.99
  58.62  19.96  12.93
  59.40  20.00  12.87
  60.19  20.03  12.81
  60.98  20.07  12.75
  61.76  20.11  12.70
  62.55  20.15  12.64
  63.35  20.18  12.58
  64.14  20.22  12.53
  64.93  20.26  12.47
  65.73  20.30  12.41
  66.53  20.34  12.36
  67.33  20.38  12.30
  68.14  20.42  12.25
  68.94  20.47  12.19
  69.75  20.51  12.14
  70.56  20.55  12.09
  71.37  20.60  12.03
  72.18  20.64  11.98
  73.00  20.68  11.92
  73.82  20.73  11.87
  74.64  20.77  11.82
  75.46  20.82  11.77
  76.28  20.87  11.71
  77.11  20.91  11.66
  77.94  20.96  11.61
  78.77  21.01  11.56
  79.61  21.06  11.51
  80.44  21.11  11.45
  81.28  21.16  11.40
  82.12  21.21  11.35
  82.96  21.26  11.30
  83.81  21.31  11.25
  84.66  21.36  11.20
  85.51  21.41  11.15
