   0.00  14.02  14.02
   0.08  14.02  14.01
   0.18  14.02  14.00
   0.27  14.02  13.99
   0.36  14.02  13.98
   0.45  14.02  13.97
   0.55  14.02  13.95
   0.63  14.02  13.94
   0.72  14.02  13.93
   0.81  14.02  13.92
   0.90  14.02  13.91
   0.99  14.02  13.90
   1.08  14.02  13.89
   1.17  14.02  13.88
   1.27  14.02  13.87
   1.35  14.02  13.86
   1.45  14.02  13.85
   1.53  14.02  13.84
   1.63  14.02  13.83
   1.72  14.02  13.81
   1.81  14.02  13.80
   1.90  14.02  13.79
   1.99  14.02  13.78
   2.08  14.02  13.77
   2.17  14.02  13.76
   2.26  14.02  13.75
   2.35  14.02  13.74
   2.44  14.02  13.73
   2.53  14.02  13.72
   2.62  14.02  13.71
   2.71  14.02  13.70
   2.80  14.02  13.69
   2.89  14.02  13.68
   2.98  14.02  13.67
   3.07  14.02  13.66
   3.16  14.03  13.65
   3.25  14.03  13.63
   3.34  14.03  13.62
   3.43  14.03  13.61
   3.53  14.03  13.60
   3.61  14.03  13.59
   3.71  14.03  13.58
   3.80  14.03  13.57
   3.89  14.03  13.56
   3.98  14.03  13.55
   4.07  14.03  13.54
   4.16  14.03  13.53
   4.25  14.03  13.52
   4.34  14.03  13.51
   4.43  14.03  13.50
   4.52  14.03  13.49
   4.61  14.03  13.48
   4.70  14.03  13.47
   4.79  14.03  13.46
   4.88  14.03  13.45
   4.97  14.03  13.44
   5.06  14.03  13.43
   5.15  14.03  13.42
   5.24  14.04  13.41
   5.33  14.04  13.40
   5.42  14.04  13.39
   5.51  14.04  13.38
   5.60  14.04  13.37
   5.69  14.04  13.35
   5.79  14.04  13.34
   5.88  14.04  13.33
   5.97  14.04  13.32
   6.06  14.04  13.31
   6.15  14.04  13.30
   6.24  14.04  13.29
   6.33  14.04  13.28
   6.42  14.04  13.27
   6.51  14.04  13.26
   6.60  14.04  13.25
   6.69  14.05  13.24
   6.78  14.05  13.23
   6.87  14.05  13.22
   6.96  14.05  13.21
   7.05  14.05  13.20
   7.14  14.05  13.19
   7.23  14.05  13.18
   7.33  14.05  13.17
   7.42  14.05  13.16
   7.51  14.05  13.15
   7.60  14.05  13.14
   7.69  14.05  13.13
   7.78  14.06  13.12
   7.87  14.06  13.11
   7.96  14.06  13.10
   8.05  14.06  13.09
   8.14  14.06  13.08
   8.23  14.06  13.07
   8.32  14.06  13.06
   8.41  14.06  13.05
   8.50  14.06  13.04
   8.60  14.06  13.03
   8.69  14.06  13.02
   8.78  14.06  13.01
   8.87  14.07  13.00
   8.96  14.07  12.99
   9.05  14.07  12.98
   9.77  14.08  12.90
  10.50  14.08  12.82
  11.23  14.09  12.75
  11.96  14.10  12.67
  12.69  14.11  12.59
  13.42  14.13  12.52
  14.15  14.14  12.44
  14.88  14.15  12.36
  15.61  14.16  12.29
  16.34  14.18  12.22
  17.07  14.19  12.14
  17.81  14.21  12.07
  18.54  14.22  12.00
  19.28  14.24  11.92
  20.02  14.26  11.85
  20.76  14.27  11.78
  21.50  14.29  11.71
  22.24  14.31  11.64
  22.98  14.33  11.57
  23.73  14.35  11.50
  24.47  14.37  11.43
  25.22  14.39  11.37
  25.97  14.41  11.30
  26.72  14.44  11.23
  27.47  14.46  11.16
  28.22  14.48  11.10
  28.97  14.51  11.03
  29.73  14.53  10.97
  30.49  14.56  10.90
  31.25  14.59  10.84
  32.01  14.61  10.77
  32.77  14.64  10.71
  33.54  14.67  10.65
  34.31  14.70  10.58
  35.07  14.73  10.52
  35.85  14.76  10.46
  36.62  14.79  10.40
  37.39  14.83  10.34
  38.17  14.86  10.28
  38.95  14.89  10.22
  39.73  14.93  10.16
  40.52  14.96  10.10
  41.30  15.00  10.04
  42.09  15.03   9.98
  42.88  15.07   9.92
  43.68  15.11   9.87
  44.48  15.15   9.81
  45.28  15.19   9.75
  46.08  15.23   9.70
  46.88  15.27   9.64
  47.69  15.31   9.59
  48.50  15.35   9.53
  49.31  15.39   9.48
  50.13  15.44   9.42
  50.95  15.48   9.37
  51.77  15.53   9.31
  52.60  15.57   9.26
  53.42  15.62   9.21
  54.26  15.67   9.16
  55.09  15.72   9.10
  55.93  15.76   9.05
  56.77  15.81   9.00
  57.62  15.86   8.95
  58.47  15.92   8.90
  59.32  15.97   8.85
  60.17  16.02   8.80
  61.03  16.08   8.75
  61.90  16.13   8.70
  62.76  16.19   8.65
  63.63  16.24   8.61
  64.51  16.30   8.56
  65.39  16.36   8.51
  66.27  16.41   8.46
  67.16  16.47   8.42
  68.05  16.53   8.37
  68.94  16.60   8.32
  69.84  16.66   8.28
  70.75  16.72   8.23
  71.66  16.79   8.19
  72.57  16.85   8.14
  73.49  16.92   8.10
  74.41  16.98   8.05
  75.33  17.05   8.01
  76.27  17.12   7.97
  77.20  17.19   7.92
  78.14  17.26   7.88
  79.09  17.33   7.84
  80.04  17.40   7.79
  81.00  17.47   7.75
  81.96  17.55   7.71
  82.93  17.62   7.67
  83.90  17.70   7.63
  84.88  17.77   7.59
  85.86  17.85   7.55
  86.85  17.93   7.51
  87.84  18.01   7.47
  88.84  18.09   7.43
  89.85  18.17   7.39
  90.86  18.25   7.35
  91.88  18.34   7.31
