   0.00  24.13  24.13
   0.04  24.13  24.13
   0.18  24.13  24.11
   0.25  24.13  24.10
   0.36  24.13  24.09
   0.45  24.13  24.08
   0.55  24.13  24.06
   0.64  24.13  24.05
   0.74  24.13  24.04
   0.83  24.13  24.03
   0.92  24.13  24.02
   1.01  24.13  24.01
   1.10  24.13  24.00
   1.20  24.13  23.99
   1.29  24.13  23.98
   1.38  24.13  23.97
   1.47  24.13  23.96
   1.56  24.13  23.94
   1.66  24.13  23.93
   1.75  24.13  23.92
   1.84  24.13  23.91
   1.93  24.13  23.90
   2.03  24.13  23.89
   2.11  24.13  23.88
   2.21  24.13  23.87
   2.30  24.13  23.86
   2.39  24.13  23.85
   2.48  24.13  23.83
   2.57  24.13  23.82
   2.67  24.13  23.81
   2.76  24.13  23.80
   2.85  24.13  23.79
   2.94  24.13  23.78
   3.03  24.13  23.77
   3.12  24.13  23.76
   3.22  24.13  23.75
   3.31  24.13  23.74
   3.40  24.13  23.73
   3.49  24.13  23.71
   3.59  24.13  23.70
   3.68  24.13  23.69
   3.77  24.13  23.68
   3.86  24.14  23.67
   3.95  24.14  23.66
   4.05  24.14  23.65
   4.14  24.14  23.64
   4.23  24.14  23.63
   4.32  24.14  23.62
   4.41  24.14  23.61
   4.51  24.14  23.60
   4.60  24.14  23.59
   4.69  24.14  23.57
   4.78  24.14  23.56
   4.87  24.14  23.55
   4.97  24.14  23.54
   5.06  24.14  23.53
   5.15  24.14  23.52
   5.24  24.14  23.51
   5.34  24.14  23.50
   5.43  24.14  23.49
   5.52  24.14  23.48
   5.61  24.14  23.47
   5.70  24.14  23.46
   5.79  24.14  23.45
   5.89  24.14  23.43
   5.98  24.14  23.42
   6.07  24.14  23.41
   6.16  24.14  23.40
   6.25  24.14  23.39
   6.35  24.14  23.38
   6.44  24.14  23.37
   6.53  24.14  23.36
   6.62  24.14  23.35
   6.71  24.14  23.34
   6.81  24.14  23.33
   6.90  24.15  23.32
   6.99  24.15  23.31
   7.08  24.15  23.30
   7.17  24.15  23.29
   7.27  24.15  23.27
   7.36  24.15  23.26
   7.45  24.15  23.25
   7.54  24.15  23.24
   7.63  24.15  23.23
   7.73  24.15  23.22
   7.82  24.15  23.21
   7.91  24.15  23.20
   8.00  24.15  23.19
   8.09  24.15  23.18
   8.19  24.15  23.17
   8.28  24.15  23.16
   8.37  24.15  23.15
   8.46  24.15  23.14
   8.55  24.15  23.13
   8.65  24.15  23.12
   8.74  24.15  23.11
   8.83  24.15  23.09
   8.92  24.15  23.08
   9.02  24.16  23.07
   9.11  24.16  23.06
   9.20  24.16  23.05
   9.94  24.16  22.97
  10.67  24.17  22.88
  11.41  24.17  22.80
  12.15  24.18  22.72
  12.88  24.18  22.63
  13.62  24.19  22.55
  14.36  24.19  22.47
  15.10  24.20  22.39
  15.84  24.21  22.31
  16.58  24.21  22.22
  17.32  24.22  22.14
  18.05  24.23  22.06
  18.79  24.24  21.98
  19.53  24.25  21.90
  20.28  24.26  21.82
  21.02  24.26  21.74
  21.76  24.27  21.66
  22.50  24.28  21.58
  23.24  24.29  21.51
  23.98  24.30  21.43
  24.73  24.32  21.35
  25.47  24.33  21.27
  26.21  24.34  21.19
  26.96  24.35  21.12
  27.70  24.36  21.04
  28.45  24.38  20.96
  29.19  24.39  20.89
  29.94  24.40  20.81
  30.69  24.42  20.73
  31.43  24.43  20.66
  32.18  24.44  20.58
  32.93  24.46  20.51
  33.68  24.47  20.43
  34.43  24.49  20.36
  35.18  24.50  20.28
  35.93  24.52  20.21
  36.68  24.54  20.13
  37.44  24.55  20.06
  38.19  24.57  19.99
  38.94  24.59  19.91
  39.70  24.61  19.84
  40.45  24.62  19.77
  41.21  24.64  19.70
  41.97  24.66  19.62
  42.72  24.68  19.55
  43.48  24.70  19.48
  44.24  24.72  19.41
  45.00  24.74  19.34
  45.76  24.76  19.27
  46.52  24.78  19.20
  47.29  24.80  19.13
  48.05  24.82  19.06
  48.81  24.84  18.99
  49.58  24.87  18.92
  50.34  24.89  18.85
  51.11  24.91  18.78
  51.88  24.94  18.71
  52.65  24.96  18.64
  53.42  24.98  18.57
  54.19  25.01  18.51
  54.96  25.03  18.44
  55.73  25.06  18.37
  56.51  25.08  18.30
  57.28  25.11  18.23
  58.06  25.13  18.17
  58.84  25.16  18.10
  59.62  25.19  18.03
  60.39  25.22  17.97
  61.18  25.24  17.90
  61.96  25.27  17.84
  62.74  25.30  17.77
  63.52  25.33  17.71
  64.31  25.36  17.64
  65.10  25.39  17.57
  65.88  25.42  17.51
  66.67  25.45  17.45
  67.46  25.48  17.38
  68.25  25.51  17.32
  69.05  25.54  17.25
  69.84  25.57  17.19
  70.64  25.60  17.13
  71.43  25.63  17.06
  72.23  25.67  17.00
  73.03  25.70  16.94
  73.83  25.73  16.87
  74.63  25.77  16.81
  75.44  25.80  16.75
  76.24  25.84  16.69
  77.05  25.87  16.63
  77.86  25.91  16.56
  78.67  25.94  16.50
  79.48  25.98  16.44
  80.29  26.02  16.38
  81.10  26.05  16.32
  81.92  26.09  16.26
  82.74  26.13  16.20
  83.56  26.17  16.14
  84.38  26.20  16.08
  85.20  26.24  16.02
  86.02  26.28  15.96
