   0.00   5.77   5.77
   0.08   5.77   5.76
   0.18   5.77   5.75
   0.27   5.77   5.74
   0.35   5.77   5.73
   0.44   5.77   5.72
   0.52   5.77   5.71
   0.61   5.77   5.70
   0.70   5.77   5.69
   0.79   5.77   5.67
   0.88   5.77   5.66
   0.96   5.77   5.65
   1.05   5.77   5.64
   1.14   5.77   5.63
   1.23   5.77   5.62
   1.31   5.77   5.61
   1.40   5.77   5.60
   1.49   5.77   5.59
   1.58   5.77   5.58
   1.66   5.77   5.57
   1.75   5.77   5.56
   1.84   5.77   5.55
   1.93   5.78   5.54
   2.02   5.78   5.53
   2.10   5.78   5.52
   2.19   5.78   5.51
   2.28   5.78   5.50
   2.37   5.78   5.49
   2.46   5.78   5.48
   2.54   5.78   5.47
   2.63   5.78   5.46
   2.72   5.78   5.46
   2.81   5.78   5.45
   2.89   5.78   5.44
   2.98   5.78   5.43
   3.07   5.79   5.42
   3.16   5.79   5.41
   3.25   5.79   5.40
   3.33   5.79   5.39
   3.42   5.79   5.38
   3.51   5.79   5.37
   3.60   5.79   5.36
   3.69   5.79   5.35
   3.77   5.79   5.34
   3.86   5.79   5.33
   3.95   5.80   5.32
   4.04   5.80   5.31
   4.13   5.80   5.30
   4.22   5.80   5.29
   4.30   5.80   5.28
   4.39   5.80   5.28
   4.48   5.80   5.27
   4.57   5.81   5.26
   4.66   5.81   5.25
   4.75   5.81   5.24
   4.83   5.81   5.23
   4.92   5.81   5.22
   5.01   5.81   5.21
   5.10   5.81   5.20
   5.19   5.82   5.19
   5.28   5.82   5.18
   5.36   5.82   5.18
   5.45   5.82   5.17
   5.54   5.82   5.16
   5.63   5.82   5.15
   5.72   5.83   5.14
   5.81   5.83   5.13
   5.90   5.83   5.12
   5.99   5.83   5.11
   6.07   5.83   5.10
   6.16   5.84   5.10
   6.25   5.84   5.09
   6.34   5.84   5.08
   6.43   5.84   5.07
   6.52   5.84   5.06
   6.61   5.85   5.05
   6.70   5.85   5.04
   6.79   5.85   5.04
   6.88   5.85   5.03
   6.96   5.85   5.02
   7.05   5.86   5.01
   7.14   5.86   5.00
   7.23   5.86   4.99
   7.32   5.86   4.98
   7.41   5.87   4.98
   7.50   5.87   4.97
   7.59   5.87   4.96
   7.68   5.87   4.95
   7.77   5.87   4.94
   7.86   5.88   4.93
   7.95   5.88   4.93
   8.04   5.88   4.92
   8.13   5.88   4.91
   8.22   5.89   4.90
   8.31   5.89   4.89
   8.40   5.89   4.88
   8.49   5.90   4.88
   8.58   5.90   4.87
   8.67   5.90   4.86
   8.76   5.90   4.85
   8.85   5.91   4.84
   9.57   5.93   4.78
  10.30   5.95   4.72
  11.03   5.98   4.66
  11.76   6.01   4.60
  12.50   6.04   4.54
  13.24   6.07   4.48
  13.99   6.11   4.43
  14.75   6.14   4.37
  15.51   6.18   4.32
  16.27   6.22   4.27
  17.04   6.26   4.22
  17.82   6.31   4.17
  18.61   6.35   4.12
  19.40   6.40   4.07
  20.20   6.45   4.03
  21.01   6.50   3.98
  21.82   6.56   3.94
  22.65   6.62   3.90
  23.48   6.68   3.86
  24.32   6.74   3.82
  25.17   6.80   3.78
  26.03   6.87   3.74
  26.91   6.93   3.70
  27.79   7.00   3.67
  28.69   7.08   3.64
  29.59   7.15   3.60
  30.51   7.23   3.57
  31.44   7.31   3.54
  32.39   7.39   3.51
  33.35   7.48   3.48
  34.32   7.57   3.45
  35.31   7.66   3.42
  36.31   7.75   3.40
  37.33   7.85   3.37
  38.36   7.95   3.35
  39.42   8.05   3.32
  40.49   8.16   3.30
  41.58   8.27   3.28
  42.69   8.38   3.26
  43.82   8.50   3.24
  44.97   8.62   3.22
  46.14   8.74   3.20
  47.34   8.87   3.19
  48.56   9.00   3.17
  49.81   9.13   3.16
  51.08   9.27   3.14
  52.38   9.42   3.13
  53.72   9.56   3.12
  55.08   9.72   3.11
  56.47   9.87   3.10
  57.90  10.04   3.09
  59.37  10.20   3.08
  60.87  10.38   3.07
  62.41  10.55   3.06
  64.00  10.74   3.06
  65.63  10.93   3.05
  67.31  11.13   3.05
  69.04  11.33   3.05
  70.83  11.54   3.04
  72.68  11.77   3.04
  74.59  11.99   3.04
  76.56  12.23   3.04
  78.61  12.48   3.05
  80.74  12.74   3.05
  82.96  13.01   3.05
  85.26  13.29   3.06
  87.66  13.58   3.07
  90.17  13.89   3.07
  92.80  14.22   3.08
  95.55  14.56   3.09
  98.44  14.92   3.10
 101.47  15.29   3.12
 104.67  15.69   3.13
 108.04  16.11   3.15
 111.60  16.56   3.16
 115.36  17.03   3.18
 119.35  17.53   3.21
 123.58  18.06   3.23
 128.06  18.62   3.25
 132.82  19.22   3.28
 137.87  19.86   3.31
 143.24  20.53   3.35
 148.92  21.25   3.38
 154.94  22.01   3.42
 161.31  22.82   3.46
 168.04  23.67   3.50
 175.12  24.56   3.55
 182.55  25.50   3.59
 190.35  26.49   3.64
 198.48  27.51   3.70
 206.94  28.58   3.75
 215.71  29.69   3.81
 224.78  30.84   3.87
 234.12  32.02   3.92
 243.72  33.23   3.98
 253.54  34.47   4.04
 263.58  35.73   4.11
 273.80  37.02   4.17
 284.18  38.33   4.23
 294.71  39.65   4.29
