   0.00  16.32  16.32
   0.09  16.32  16.31
   0.20  16.32  16.30
   0.28  16.32  16.29
   0.37  16.32  16.28
   0.45  16.32  16.27
   0.53  16.32  16.26
   0.63  16.32  16.25
   0.72  16.32  16.24
   0.81  16.32  16.23
   0.90  16.32  16.22
   0.99  16.32  16.20
   1.08  16.32  16.19
   1.17  16.32  16.18
   1.26  16.32  16.17
   1.35  16.32  16.16
   1.44  16.32  16.15
   1.53  16.32  16.14
   1.62  16.32  16.13
   1.71  16.32  16.12
   1.80  16.32  16.11
   1.89  16.32  16.10
   1.98  16.32  16.09
   2.07  16.32  16.08
   2.16  16.32  16.07
   2.25  16.33  16.06
   2.34  16.33  16.04
   2.43  16.33  16.03
   2.52  16.33  16.02
   2.61  16.33  16.01
   2.70  16.33  16.00
   2.79  16.33  15.99
   2.88  16.33  15.98
   2.97  16.33  15.97
   3.06  16.33  15.96
   3.15  16.33  15.95
   3.24  16.33  15.94
   3.33  16.33  15.93
   3.42  16.33  15.92
   3.51  16.33  15.91
   3.60  16.33  15.90
   3.69  16.33  15.89
   3.78  16.33  15.88
   3.87  16.33  15.87
   3.96  16.33  15.86
   4.05  16.33  15.84
   4.14  16.33  15.83
   4.23  16.33  15.82
   4.32  16.33  15.81
   4.41  16.33  15.80
   4.50  16.33  15.79
   4.59  16.33  15.78
   4.68  16.33  15.77
   4.77  16.33  15.76
   4.86  16.33  15.75
   4.95  16.33  15.74
   5.04  16.34  15.73
   5.13  16.34  15.72
   5.22  16.34  15.71
   5.31  16.34  15.70
   5.40  16.34  15.69
   5.49  16.34  15.68
   5.58  16.34  15.67
   5.67  16.34  15.66
   5.76  16.34  15.65
   5.85  16.34  15.64
   5.94  16.34  15.63
   6.03  16.34  15.62
   6.12  16.34  15.61
   6.21  16.34  15.60
   6.30  16.34  15.59
   6.39  16.34  15.58
   6.48  16.34  15.57
   6.57  16.34  15.56
   6.66  16.34  15.55
   6.75  16.35  15.54
   6.84  16.35  15.52
   6.93  16.35  15.51
   7.02  16.35  15.50
   7.11  16.35  15.49
   7.20  16.35  15.48
   7.29  16.35  15.47
   7.38  16.35  15.46
   7.47  16.35  15.45
   7.56  16.35  15.44
   7.65  16.35  15.43
   7.74  16.35  15.42
   7.83  16.35  15.41
   7.92  16.35  15.40
   8.01  16.35  15.39
   8.10  16.35  15.38
   8.19  16.36  15.37
   8.28  16.36  15.36
   8.37  16.36  15.35
   8.46  16.36  15.34
   8.55  16.36  15.33
   8.64  16.36  15.32
   8.73  16.36  15.31
   8.82  16.36  15.30
   8.91  16.36  15.29
   9.01  16.36  15.28
   9.73  16.37  15.20
  10.45  16.38  15.12
  11.17  16.38  15.04
  11.90  16.39  14.96
  12.62  16.40  14.89
  13.34  16.41  14.81
  14.07  16.42  14.73
  14.79  16.43  14.65
  15.52  16.44  14.58
  16.25  16.45  14.50
  16.97  16.46  14.43
  17.70  16.48  14.35
  18.43  16.49  14.28
  19.16  16.50  14.20
  19.89  16.52  14.13
  20.62  16.53  14.06
  21.35  16.55  13.98
  22.08  16.56  13.91
  22.82  16.58  13.84
  23.55  16.59  13.77
  24.29  16.61  13.70
  25.02  16.63  13.63
  25.76  16.65  13.56
  26.50  16.66  13.49
  27.24  16.68  13.42
  27.98  16.70  13.35
  28.72  16.72  13.28
  29.46  16.74  13.21
  30.20  16.77  13.14
  30.95  16.79  13.07
  31.69  16.81  13.01
  32.44  16.83  12.94
  33.19  16.86  12.87
  33.94  16.88  12.81
  34.69  16.90  12.74
  35.44  16.93  12.68
  36.20  16.96  12.61
  36.95  16.98  12.55
  37.71  17.01  12.48
  38.47  17.04  12.42
  39.23  17.06  12.36
  39.99  17.09  12.29
  40.76  17.12  12.23
  41.52  17.15  12.17
  42.29  17.18  12.11
  43.06  17.21  12.04
  43.83  17.24  11.98
  44.60  17.27  11.92
  45.37  17.31  11.86
  46.15  17.34  11.80
  46.92  17.37  11.74
  47.70  17.41  11.68
  48.48  17.44  11.62
  49.27  17.48  11.56
  50.05  17.51  11.51
  50.84  17.55  11.45
  51.63  17.58  11.39
  52.42  17.62  11.33
  53.21  17.66  11.27
  54.01  17.70  11.22
  54.81  17.74  11.16
  55.61  17.78  11.11
  56.41  17.82  11.05
  57.21  17.86  10.99
  58.02  17.90  10.94
  58.83  17.94  10.88
  59.64  17.99  10.83
  60.46  18.03  10.78
  61.27  18.07  10.72
  62.09  18.12  10.67
  62.91  18.16  10.61
  63.74  18.21  10.56
  64.57  18.26  10.51
  65.40  18.30  10.46
  66.23  18.35  10.40
  67.06  18.40  10.35
  67.90  18.45  10.30
  68.74  18.50  10.25
  69.59  18.55  10.20
  70.43  18.60  10.15
  71.28  18.65  10.10
  72.13  18.70  10.05
  72.99  18.76  10.00
  73.85  18.81   9.95
  74.71  18.87   9.90
  75.57  18.92   9.85
  76.44  18.98   9.80
  77.31  19.03   9.75
  78.19  19.09   9.71
  79.07  19.15   9.66
  79.95  19.21   9.61
  80.83  19.26   9.56
  81.72  19.32   9.52
  82.61  19.38   9.47
  83.51  19.45   9.42
  84.40  19.51   9.38
  85.31  19.57   9.33
  86.21  19.63   9.29
  87.12  19.70   9.24
  88.04  19.76   9.20
