   0.00   2.59   2.59
   0.09   2.59   2.58
   0.18   2.59   2.56
   0.27   2.59   2.55
   0.35   2.59   2.54
   0.44   2.59   2.53
   0.53   2.59   2.52
   0.62   2.59   2.51
   0.71   2.59   2.50
   0.80   2.59   2.49
   0.88   2.59   2.48
   0.97   2.59   2.47
   1.06   2.59   2.46
   1.15   2.59   2.45
   1.24   2.59   2.45
   1.33   2.59   2.44
   1.42   2.60   2.43
   1.50   2.60   2.42
   1.59   2.60   2.41
   1.68   2.60   2.40
   1.77   2.60   2.39
   1.86   2.60   2.38
   1.95   2.61   2.37
   2.04   2.61   2.36
   2.13   2.61   2.35
   2.22   2.61   2.34
   2.31   2.61   2.34
   2.40   2.61   2.33
   2.49   2.62   2.32
   2.58   2.62   2.31
   2.66   2.62   2.30
   2.75   2.62   2.29
   2.84   2.63   2.29
   2.93   2.63   2.28
   3.02   2.63   2.27
   3.12   2.63   2.26
   3.21   2.64   2.25
   3.30   2.64   2.24
   3.39   2.64   2.24
   3.48   2.65   2.23
   3.57   2.65   2.22
   3.66   2.65   2.21
   3.75   2.66   2.21
   3.84   2.66   2.20
   3.93   2.66   2.19
   4.03   2.67   2.18
   4.12   2.67   2.18
   4.21   2.67   2.17
   4.30   2.68   2.16
   4.39   2.68   2.15
   4.49   2.69   2.15
   4.58   2.69   2.14
   4.67   2.69   2.13
   4.76   2.70   2.13
   4.86   2.70   2.12
   4.95   2.71   2.11
   5.04   2.71   2.11
   5.14   2.72   2.10
   5.23   2.72   2.09
   5.33   2.73   2.09
   5.42   2.73   2.08
   5.51   2.73   2.07
   5.61   2.74   2.07
   5.70   2.74   2.06
   5.80   2.75   2.05
   5.89   2.76   2.05
   5.99   2.76   2.04
   6.09   2.77   2.04
   6.18   2.77   2.03
   6.28   2.78   2.02
   6.37   2.78   2.02
   6.47   2.79   2.01
   6.57   2.79   2.01
   6.67   2.80   2.00
   6.76   2.81   2.00
   6.86   2.81   1.99
   6.96   2.82   1.98
   7.06   2.83   1.98
   7.15   2.83   1.97
   7.25   2.84   1.97
   7.35   2.85   1.96
   7.45   2.85   1.96
   7.55   2.86   1.95
   7.65   2.87   1.95
   7.75   2.87   1.94
   7.85   2.88   1.94
   7.95   2.89   1.93
   8.05   2.89   1.93
   8.16   2.90   1.92
   8.26   2.91   1.92
   8.36   2.92   1.91
   8.46   2.92   1.91
   8.56   2.93   1.90
   8.67   2.94   1.90
   8.77   2.95   1.90
   8.87   2.96   1.89
   8.98   2.96   1.89
   9.08   2.97   1.88
   9.19   2.98   1.88
   9.29   2.99   1.87
   9.40   3.00   1.87
  10.26   3.07   1.84
  11.14   3.15   1.81
  12.05   3.23   1.79
  12.99   3.33   1.77
  13.96   3.43   1.75
  14.97   3.54   1.74
  16.01   3.65   1.73
  17.09   3.78   1.73
  18.22   3.91   1.72
  19.39   4.05   1.73
  20.60   4.20   1.73
  21.87   4.37   1.74
  23.18   4.54   1.76
  24.55   4.72   1.77
  25.97   4.91   1.79
  27.45   5.11   1.82
  28.98   5.32   1.85
  30.57   5.55   1.88
  32.22   5.78   1.91
  33.93   6.02   1.95
  35.69   6.27   1.99
  37.52   6.54   2.03
  39.39   6.81   2.08
  41.32   7.09   2.13
  43.31   7.38   2.18
  45.34   7.67   2.23
  47.42   7.98   2.29
  49.55   8.29   2.35
  51.71   8.61   2.40
  53.92   8.93   2.46
  56.16   9.26   2.52
  58.44   9.60   2.58
  60.74   9.93   2.64
  63.08  10.27   2.70
  65.44  10.62   2.76
  67.82  10.96   2.82
  70.22  11.31   2.88
  72.64  11.66   2.94
  75.07  12.01   3.00
  77.52  12.36   3.05
  79.98  12.71   3.11
  82.44  13.06   3.16
  84.92  13.40   3.21
  87.40  13.75   3.26
  89.89  14.10   3.31
  92.39  14.44   3.36
  94.88  14.79   3.40
  97.38  15.13   3.45
  99.88  15.47   3.49
 102.38  15.81   3.52
 104.88  16.15   3.56
 107.38  16.48   3.60
 109.88  16.81   3.63
 112.38  17.14   3.66
 114.88  17.47   3.68
 117.37  17.79   3.71
 119.86  18.12   3.73
 210.23  29.70   4.47
 309.50  42.36   5.22
 374.37  50.57   5.65
 427.32  57.23   5.95
 473.67  63.01   6.17
 515.69  68.22   6.34
 554.61  73.01   6.46
 591.17  77.48   6.54
 625.86  81.69   6.58
 659.03  85.68   6.60
 690.94  89.50   6.58
 721.77  93.16   6.54
 751.67  96.68   6.48
 780.77 100.08   6.39
 809.14 103.38   6.28
 836.89 106.58   6.15
 864.07 109.69   6.00
 890.73 112.72   5.83
 916.93 115.67   5.64
 942.70 118.56   5.44
 947.70 119.12   5.39
 952.70 119.67   5.35
 957.70 120.23   5.30
 962.70 120.78   5.26
 967.70 121.34   5.21
 972.70 121.89   5.17
 977.70 122.45   5.13
 982.70 123.00   5.08
 987.70 123.56   5.04
 992.70 124.12   4.99
 997.70 124.67   4.95
1002.70 125.23   4.90
1007.70 125.78   4.86
1012.70 126.34   4.81
