   0.00   6.77   6.77
   0.10   6.77   6.76
   0.18   6.77   6.75
   0.27   6.77   6.74
   0.36   6.78   6.73
   0.45   6.78   6.72
   0.53   6.78   6.71
   0.62   6.78   6.70
   0.71   6.78   6.69
   0.80   6.78   6.68
   0.89   6.78   6.67
   0.98   6.78   6.66
   1.07   6.78   6.65
   1.16   6.78   6.64
   1.24   6.78   6.63
   1.33   6.78   6.62
   1.42   6.78   6.61
   1.51   6.78   6.60
   1.60   6.78   6.59
   1.69   6.78   6.58
   1.78   6.78   6.57
   1.87   6.78   6.56
   1.95   6.78   6.55
   2.05   6.78   6.54
   2.13   6.78   6.53
   2.22   6.78   6.52
   2.31   6.78   6.51
   2.40   6.78   6.50
   2.49   6.78   6.49
   2.58   6.78   6.48
   2.67   6.79   6.47
   2.76   6.79   6.46
   2.85   6.79   6.45
   2.93   6.79   6.44
   3.02   6.79   6.43
   3.11   6.79   6.42
   3.20   6.79   6.41
   3.29   6.79   6.40
   3.38   6.79   6.39
   3.47   6.79   6.38
   3.56   6.79   6.37
   3.65   6.79   6.36
   3.74   6.80   6.35
   3.83   6.80   6.34
   3.92   6.80   6.33
   4.00   6.80   6.32
   4.09   6.80   6.31
   4.18   6.80   6.30
   4.27   6.80   6.29
   4.36   6.80   6.28
   4.45   6.80   6.27
   4.54   6.80   6.26
   4.63   6.81   6.25
   4.72   6.81   6.24
   4.81   6.81   6.23
   4.90   6.81   6.22
   4.99   6.81   6.21
   5.08   6.81   6.20
   5.17   6.81   6.19
   5.26   6.81   6.18
   5.35   6.82   6.17
   5.43   6.82   6.17
   5.52   6.82   6.16
   5.61   6.82   6.15
   5.70   6.82   6.14
   5.79   6.82   6.13
   5.88   6.82   6.12
   5.97   6.83   6.11
   6.06   6.83   6.10
   6.15   6.83   6.09
   6.24   6.83   6.08
   6.33   6.83   6.07
   6.42   6.83   6.06
   6.51   6.84   6.05
   6.60   6.84   6.05
   6.69   6.84   6.04
   6.78   6.84   6.03
   6.87   6.84   6.02
   6.96   6.84   6.01
   7.05   6.85   6.00
   7.14   6.85   5.99
   7.23   6.85   5.98
   7.32   6.85   5.97
   7.41   6.85   5.96
   7.50   6.86   5.96
   7.59   6.86   5.95
   7.68   6.86   5.94
   7.77   6.86   5.93
   7.86   6.86   5.92
   7.95   6.87   5.91
   8.04   6.87   5.90
   8.13   6.87   5.89
   8.22   6.87   5.89
   8.32   6.87   5.88
   8.41   6.88   5.87
   8.50   6.88   5.86
   8.59   6.88   5.85
   8.68   6.88   5.84
   8.77   6.89   5.83
   8.86   6.89   5.82
   8.95   6.89   5.82
   9.68   6.91   5.75
  10.41   6.93   5.68
  11.14   6.95   5.62
  11.88   6.98   5.55
  12.62   7.00   5.49
  13.36   7.03   5.43
  14.10   7.06   5.36
  14.86   7.09   5.31
  15.61   7.12   5.25
  16.37   7.15   5.19
  17.13   7.19   5.13
  17.90   7.22   5.08
  18.67   7.26   5.02
  19.45   7.30   4.97
  20.24   7.34   4.92
  21.03   7.39   4.86
  21.82   7.43   4.81
  22.63   7.48   4.76
  23.44   7.53   4.72
  24.25   7.58   4.67
  25.07   7.63   4.62
  25.90   7.69   4.58
  26.74   7.74   4.53
  27.59   7.80   4.49
  28.44   7.86   4.45
  29.30   7.92   4.40
  30.18   7.98   4.36
  31.06   8.05   4.32
  31.95   8.12   4.28
  32.85   8.19   4.24
  33.76   8.26   4.21
  34.68   8.33   4.17
  35.61   8.41   4.14
  36.55   8.49   4.10
  37.51   8.57   4.07
  38.47   8.65   4.03
  39.45   8.74   4.00
  40.45   8.82   3.97
  41.45   8.91   3.94
  42.47   9.01   3.91
  43.50   9.10   3.88
  44.55   9.20   3.85
  45.62   9.30   3.82
  46.70   9.40   3.80
  47.79   9.51   3.77
  48.91   9.62   3.75
  50.04   9.73   3.72
  51.19   9.84   3.70
  52.36   9.96   3.68
  53.54  10.08   3.65
  54.75  10.20   3.63
  55.98  10.33   3.61
  57.23  10.46   3.59
  58.51  10.59   3.57
  59.81  10.73   3.56
  61.13  10.87   3.54
  62.48  11.02   3.52
  63.86  11.17   3.50
  65.26  11.32   3.49
  66.69  11.48   3.48
  68.15  11.64   3.46
  69.65  11.81   3.45
  71.18  11.98   3.44
  72.74  12.15   3.42
  74.34  12.33   3.41
  75.97  12.52   3.40
  77.65  12.71   3.40
  79.36  12.91   3.39
  81.12  13.11   3.38
  82.92  13.32   3.37
  84.78  13.54   3.37
  86.68  13.76   3.36
  88.63  13.99   3.36
  90.64  14.23   3.35
  92.71  14.47   3.35
  94.83  14.73   3.35
  97.02  14.99   3.35
  99.28  15.26   3.35
 101.61  15.54   3.35
 104.01  15.83   3.35
 106.49  16.13   3.35
 109.06  16.44   3.35
 111.71  16.76   3.36
 114.45  17.10   3.36
 117.29  17.44   3.37
 120.23  17.80   3.38
 123.28  18.18   3.38
 126.43  18.56   3.39
 129.71  18.97   3.40
 133.11  19.39   3.41
 136.64  19.82   3.43
 140.30  20.28   3.44
 144.11  20.75   3.45
 148.06  21.24   3.47
 152.16  21.75   3.49
 156.42  22.28   3.51
 160.85  22.83   3.53
 165.45  23.40   3.55
 170.21  24.00   3.57
 175.16  24.61   3.59
