   0.00  10.46  10.46
   0.11  10.46  10.45
   0.18  10.46  10.44
   0.27  10.46  10.43
   0.36  10.46  10.42
   0.45  10.46  10.41
   0.54  10.46  10.40
   0.63  10.46  10.39
   0.72  10.46  10.38
   0.82  10.46  10.36
   0.90  10.46  10.35
   0.99  10.46  10.34
   1.08  10.46  10.33
   1.18  10.46  10.32
   1.27  10.46  10.31
   1.36  10.46  10.30
   1.45  10.46  10.29
   1.54  10.46  10.28
   1.63  10.46  10.27
   1.72  10.46  10.26
   1.81  10.46  10.25
   1.90  10.47  10.24
   1.99  10.47  10.23
   2.08  10.47  10.22
   2.17  10.47  10.21
   2.26  10.47  10.19
   2.35  10.47  10.18
   2.44  10.47  10.17
   2.53  10.47  10.16
   2.62  10.47  10.15
   2.71  10.47  10.14
   2.80  10.47  10.13
   2.90  10.47  10.12
   2.99  10.47  10.11
   3.08  10.47  10.10
   3.17  10.47  10.09
   3.26  10.47  10.08
   3.35  10.47  10.07
   3.44  10.47  10.06
   3.53  10.47  10.05
   3.62  10.47  10.04
   3.71  10.47  10.03
   3.80  10.47  10.02
   3.89  10.47  10.01
   3.98  10.48  10.00
   4.07  10.48   9.99
   4.16  10.48   9.98
   4.25  10.48   9.97
   4.35  10.48   9.96
   4.44  10.48   9.95
   4.53  10.48   9.94
   4.62  10.48   9.93
   4.71  10.48   9.92
   4.80  10.48   9.91
   4.89  10.48   9.90
   4.98  10.48   9.89
   5.07  10.48   9.88
   5.16  10.48   9.87
   5.25  10.49   9.86
   5.34  10.49   9.85
   5.43  10.49   9.84
   5.52  10.49   9.83
   5.61  10.49   9.82
   5.71  10.49   9.80
   5.80  10.49   9.79
   5.89  10.49   9.78
   5.98  10.49   9.77
   6.07  10.49   9.77
   6.16  10.49   9.76
   6.25  10.50   9.75
   6.34  10.50   9.74
   6.43  10.50   9.73
   6.52  10.50   9.72
   6.61  10.50   9.71
   6.70  10.50   9.70
   6.80  10.50   9.69
   6.89  10.50   9.68
   6.98  10.50   9.67
   7.07  10.50   9.66
   7.16  10.51   9.65
   7.25  10.51   9.64
   7.34  10.51   9.63
   7.43  10.51   9.62
   7.52  10.51   9.61
   7.61  10.51   9.60
   7.71  10.51   9.59
   7.80  10.51   9.58
   7.89  10.51   9.57
   7.98  10.52   9.56
   8.07  10.52   9.55
   8.16  10.52   9.54
   8.25  10.52   9.53
   8.34  10.52   9.52
   8.43  10.52   9.51
   8.53  10.52   9.50
   8.62  10.52   9.49
   8.71  10.53   9.48
   8.80  10.53   9.47
   8.89  10.53   9.46
   8.98  10.53   9.45
   9.07  10.53   9.44
   9.80  10.54   9.37
  10.53  10.56   9.29
  11.27  10.57   9.22
  12.00  10.58   9.14
  12.74  10.60   9.07
  13.47  10.62   9.00
  14.21  10.63   8.93
  14.95  10.65   8.86
  15.69  10.67   8.79
  16.44  10.69   8.72
  17.18  10.71   8.65
  17.93  10.73   8.58
  18.68  10.75   8.51
  19.43  10.78   8.45
  20.18  10.80   8.38
  20.94  10.83   8.32
  21.69  10.85   8.25
  22.45  10.88   8.19
  23.22  10.91   8.12
  23.98  10.94   8.06
  24.75  10.97   8.00
  25.52  11.00   7.94
  26.30  11.03   7.88
  27.07  11.07   7.82
  27.85  11.10   7.76
  28.64  11.14   7.70
  29.42  11.17   7.64
  30.21  11.21   7.58
  31.01  11.25   7.53
  31.80  11.29   7.47
  32.60  11.33   7.42
  33.41  11.37   7.36
  34.22  11.41   7.31
  35.03  11.46   7.25
  35.85  11.50   7.20
  36.67  11.55   7.15
  37.49  11.59   7.09
  38.32  11.64   7.04
  39.15  11.69   6.99
  39.99  11.74   6.94
  40.84  11.79   6.89
  41.68  11.84   6.84
  42.54  11.90   6.79
  43.40  11.95   6.74
  44.26  12.01   6.70
  45.13  12.06   6.65
  46.00  12.12   6.60
  46.88  12.18   6.56
  47.77  12.24   6.51
  48.66  12.30   6.46
  49.56  12.37   6.42
  50.46  12.43   6.38
  51.37  12.50   6.33
  52.29  12.56   6.29
  53.21  12.63   6.25
  54.14  12.70   6.20
  55.08  12.77   6.16
  56.02  12.84   6.12
  56.97  12.92   6.08
  57.93  12.99   6.04
  58.90  13.07   6.00
  59.87  13.15   5.96
  60.85  13.23   5.92
  61.84  13.31   5.88
  62.84  13.39   5.85
  63.84  13.47   5.81
  64.86  13.56   5.77
  65.88  13.64   5.74
  66.91  13.73   5.70
  67.95  13.82   5.66
  69.00  13.91   5.63
  70.06  14.00   5.60
  71.13  14.10   5.56
  72.21  14.19   5.53
  73.29  14.29   5.49
  74.39  14.39   5.46
  75.50  14.49   5.43
  76.62  14.59   5.40
  77.75  14.70   5.37
  78.89  14.80   5.33
  80.04  14.91   5.30
  81.21  15.02   5.27
  82.38  15.13   5.24
  83.57  15.24   5.21
  84.77  15.36   5.19
  85.98  15.47   5.16
  87.20  15.59   5.13
  88.44  15.71   5.10
  89.69  15.84   5.07
  90.96  15.96   5.05
  92.24  16.09   5.02
  93.53  16.22   4.99
  94.83  16.35   4.97
  96.16  16.48   4.94
  97.49  16.62   4.92
  98.84  16.76   4.89
 100.21  16.90   4.87
 101.59  17.04   4.85
 102.99  17.18   4.82
 104.41  17.33   4.80
