   0.00   6.27   6.27
   0.10   6.27   6.26
   0.18   6.27   6.25
   0.26   6.27   6.24
   0.35   6.27   6.23
   0.44   6.27   6.22
   0.53   6.27   6.21
   0.62   6.27   6.20
   0.71   6.27   6.19
   0.79   6.27   6.18
   0.89   6.27   6.17
   0.97   6.27   6.16
   1.06   6.27   6.15
   1.15   6.27   6.14
   1.24   6.28   6.13
   1.33   6.28   6.12
   1.41   6.28   6.11
   1.50   6.28   6.10
   1.59   6.28   6.09
   1.68   6.28   6.08
   1.77   6.28   6.07
   1.86   6.28   6.06
   1.94   6.28   6.05
   2.03   6.28   6.04
   2.12   6.28   6.03
   2.21   6.28   6.02
   2.30   6.28   6.01
   2.39   6.28   6.00
   2.47   6.28   5.99
   2.56   6.28   5.98
   2.65   6.28   5.97
   2.74   6.28   5.96
   2.83   6.29   5.95
   2.92   6.29   5.94
   3.01   6.29   5.93
   3.09   6.29   5.92
   3.18   6.29   5.91
   3.27   6.29   5.90
   3.36   6.29   5.89
   3.45   6.29   5.88
   3.54   6.29   5.87
   3.63   6.29   5.86
   3.71   6.29   5.85
   3.80   6.30   5.84
   3.89   6.30   5.83
   3.98   6.30   5.82
   4.07   6.30   5.81
   4.16   6.30   5.80
   4.25   6.30   5.79
   4.34   6.30   5.78
   4.43   6.30   5.77
   4.51   6.31   5.76
   4.60   6.31   5.75
   4.69   6.31   5.74
   4.78   6.31   5.74
   4.87   6.31   5.73
   4.96   6.31   5.72
   5.05   6.31   5.71
   5.14   6.31   5.70
   5.23   6.32   5.69
   5.32   6.32   5.68
   5.40   6.32   5.67
   5.49   6.32   5.66
   5.58   6.32   5.65
   5.67   6.32   5.64
   5.76   6.33   5.63
   5.85   6.33   5.63
   5.94   6.33   5.62
   6.03   6.33   5.61
   6.12   6.33   5.60
   6.21   6.33   5.59
   6.30   6.34   5.58
   6.39   6.34   5.57
   6.48   6.34   5.56
   6.57   6.34   5.55
   6.65   6.34   5.54
   6.74   6.35   5.54
   6.83   6.35   5.53
   6.92   6.35   5.52
   7.01   6.35   5.51
   7.10   6.35   5.50
   7.19   6.36   5.49
   7.28   6.36   5.48
   7.37   6.36   5.47
   7.46   6.36   5.47
   7.55   6.36   5.46
   7.64   6.37   5.45
   7.73   6.37   5.44
   7.82   6.37   5.43
   7.91   6.37   5.42
   8.00   6.37   5.41
   8.09   6.38   5.41
   8.18   6.38   5.40
   8.27   6.38   5.39
   8.36   6.38   5.38
   8.45   6.39   5.37
   8.54   6.39   5.36
   8.63   6.39   5.35
   8.72   6.39   5.35
   8.81   6.40   5.34
   8.91   6.40   5.33
   9.63   6.42   5.26
  10.36   6.44   5.20
  11.09   6.47   5.14
  11.83   6.49   5.07
  12.57   6.52   5.01
  13.31   6.55   4.95
  14.06   6.58   4.89
  14.81   6.61   4.84
  15.57   6.65   4.78
  16.33   6.69   4.73
  17.10   6.72   4.67
  17.87   6.76   4.62
  18.65   6.81   4.57
  19.43   6.85   4.52
  20.22   6.90   4.47
  21.02   6.94   4.42
  21.83   6.99   4.37
  22.64   7.04   4.33
  23.46   7.10   4.28
  24.29   7.15   4.24
  25.12   7.21   4.19
  25.97   7.27   4.15
  26.82   7.33   4.11
  27.69   7.39   4.07
  28.56   7.46   4.03
  29.44   7.53   3.99
  30.34   7.60   3.96
  31.24   7.67   3.92
  32.16   7.75   3.89
  33.08   7.82   3.85
  34.02   7.90   3.82
  34.97   7.98   3.79
  35.94   8.07   3.76
  36.92   8.15   3.72
  37.91   8.24   3.70
  38.91   8.34   3.67
  39.94   8.43   3.64
  40.97   8.53   3.61
  42.03   8.63   3.59
  43.09   8.73   3.56
  44.18   8.84   3.54
  45.29   8.95   3.51
  46.41   9.06   3.49
  47.56   9.18   3.47
  48.72   9.29   3.45
  49.90   9.42   3.43
  51.11   9.54   3.41
  52.34   9.67   3.39
  53.60   9.80   3.37
  54.87   9.94   3.36
  56.18  10.08   3.34
  57.51  10.23   3.33
  58.87  10.38   3.31
  60.26  10.53   3.30
  61.68  10.69   3.29
  63.14  10.85   3.27
  64.62  11.02   3.26
  66.15  11.19   3.25
  67.71  11.37   3.24
  69.31  11.55   3.24
  70.95  11.74   3.23
  72.64  11.94   3.22
  74.37  12.14   3.22
  76.16  12.35   3.21
  77.99  12.57   3.21
  79.88  12.79   3.20
  81.83  13.02   3.20
  83.84  13.26   3.20
  85.91  13.51   3.20
  88.05  13.77   3.20
  90.27  14.03   3.20
  92.56  14.31   3.20
  94.94  14.60   3.21
  97.41  14.90   3.21
  99.97  15.21   3.22
 102.63  15.54   3.22
 105.40  15.88   3.23
 108.29  16.23   3.24
 111.29  16.60   3.25
 114.43  16.99   3.26
 117.71  17.40   3.27
 121.13  17.82   3.29
 124.71  18.27   3.30
 128.45  18.73   3.32
 132.37  19.22   3.34
 136.48  19.73   3.36
 140.78  20.27   3.38
 145.29  20.83   3.40
 150.00  21.43   3.42
 154.95  22.04   3.45
 160.12  22.69   3.48
 165.53  23.37   3.51
 171.18  24.08   3.54
 177.08  24.82   3.57
 183.23  25.60   3.61
 189.63  26.40   3.65
 196.28  27.24   3.68
 203.18  28.11   3.72
 210.32  29.00   3.77
 217.71  29.93   3.81
