   0.00  11.66  11.66
   0.07  11.66  11.65
   0.19  11.66  11.64
   0.27  11.66  11.63
   0.36  11.66  11.62
   0.45  11.66  11.61
   0.54  11.66  11.60
   0.64  11.66  11.59
   0.73  11.66  11.57
   0.82  11.66  11.56
   0.90  11.66  11.55
   0.99  11.66  11.54
   1.08  11.66  11.53
   1.18  11.66  11.52
   1.27  11.66  11.51
   1.36  11.66  11.50
   1.45  11.66  11.49
   1.54  11.66  11.48
   1.63  11.66  11.47
   1.72  11.66  11.46
   1.81  11.66  11.45
   1.90  11.66  11.44
   1.99  11.66  11.43
   2.08  11.66  11.42
   2.17  11.67  11.40
   2.26  11.67  11.39
   2.35  11.67  11.38
   2.45  11.67  11.37
   2.54  11.67  11.36
   2.63  11.67  11.35
   2.72  11.67  11.34
   2.81  11.67  11.33
   2.90  11.67  11.32
   2.99  11.67  11.31
   3.08  11.67  11.30
   3.17  11.67  11.29
   3.26  11.67  11.28
   3.35  11.67  11.27
   3.44  11.67  11.26
   3.53  11.67  11.25
   3.62  11.67  11.24
   3.71  11.67  11.23
   3.80  11.67  11.22
   3.89  11.67  11.21
   3.98  11.67  11.20
   4.08  11.67  11.18
   4.17  11.67  11.17
   4.26  11.68  11.16
   4.35  11.68  11.15
   4.44  11.68  11.14
   4.53  11.68  11.13
   4.62  11.68  11.12
   4.71  11.68  11.11
   4.80  11.68  11.10
   4.89  11.68  11.09
   4.98  11.68  11.08
   5.07  11.68  11.07
   5.16  11.68  11.06
   5.25  11.68  11.05
   5.35  11.68  11.04
   5.44  11.68  11.03
   5.53  11.68  11.02
   5.62  11.69  11.01
   5.71  11.69  11.00
   5.80  11.69  10.99
   5.89  11.69  10.98
   5.98  11.69  10.97
   6.07  11.69  10.96
   6.16  11.69  10.95
   6.25  11.69  10.94
   6.34  11.69  10.93
   6.43  11.69  10.92
   6.53  11.69  10.91
   6.62  11.69  10.90
   6.71  11.70  10.89
   6.80  11.70  10.88
   6.89  11.70  10.87
   6.98  11.70  10.86
   7.07  11.70  10.85
   7.16  11.70  10.84
   7.25  11.70  10.83
   7.34  11.70  10.82
   7.43  11.70  10.81
   7.53  11.70  10.80
   7.62  11.70  10.79
   7.71  11.71  10.78
   7.80  11.71  10.77
   7.89  11.71  10.76
   7.98  11.71  10.75
   8.07  11.71  10.74
   8.16  11.71  10.73
   8.25  11.71  10.72
   8.34  11.71  10.71
   8.44  11.71  10.70
   8.53  11.72  10.69
   8.62  11.72  10.68
   8.71  11.72  10.67
   8.80  11.72  10.66
   8.89  11.72  10.65
   8.98  11.72  10.64
   9.07  11.72  10.63
   9.80  11.73  10.56
  10.53  11.74  10.48
  11.26  11.76  10.40
  12.00  11.77  10.33
  12.73  11.78  10.25
  13.46  11.80  10.18
  14.20  11.81  10.11
  14.94  11.83  10.03
  15.67  11.84   9.96
  16.41  11.86   9.89
  17.15  11.88   9.82
  17.90  11.90   9.75
  18.64  11.92   9.68
  19.39  11.94   9.61
  20.13  11.96   9.54
  20.88  11.98   9.48
  21.63  12.00   9.41
  22.39  12.03   9.34
  23.14  12.05   9.28
  23.90  12.08   9.21
  24.66  12.11   9.15
  25.42  12.13   9.08
  26.18  12.16   9.02
  26.95  12.19   8.96
  27.72  12.22   8.89
  28.49  12.25   8.83
  29.26  12.28   8.77
  30.04  12.31   8.71
  30.81  12.35   8.65
  31.59  12.38   8.59
  32.38  12.42   8.53
  33.17  12.45   8.47
  33.96  12.49   8.41
  34.75  12.53   8.36
  35.54  12.57   8.30
  36.34  12.61   8.24
  37.15  12.65   8.19
  37.95  12.69   8.13
  38.76  12.73   8.08
  39.58  12.77   8.02
  40.39  12.82   7.97
  41.21  12.86   7.92
  42.04  12.91   7.86
  42.86  12.95   7.81
  43.70  13.00   7.76
  44.53  13.05   7.71
  45.37  13.10   7.66
  46.22  13.15   7.61
  47.07  13.20   7.56
  47.92  13.26   7.51
  48.78  13.31   7.46
  49.64  13.37   7.41
  50.51  13.42   7.36
  51.38  13.48   7.31
  52.26  13.54   7.27
  53.14  13.60   7.22
  54.02  13.66   7.17
  54.92  13.72   7.13
  55.81  13.78   7.08
  56.72  13.84   7.04
  57.62  13.91   6.99
  58.54  13.97   6.95
  59.46  14.04   6.90
  60.38  14.11   6.86
  61.31  14.18   6.82
  62.25  14.25   6.78
  63.20  14.32   6.73
  64.15  14.39   6.69
  65.10  14.46   6.65
  66.06  14.54   6.61
  67.03  14.61   6.57
  68.01  14.69   6.53
  68.99  14.77   6.49
  69.98  14.85   6.45
  70.98  14.93   6.41
  71.98  15.01   6.38
  72.99  15.10   6.34
  74.01  15.18   6.30
  75.04  15.27   6.26
  76.08  15.36   6.23
  77.12  15.44   6.19
  78.17  15.53   6.15
  79.23  15.63   6.12
  80.29  15.72   6.08
  81.37  15.81   6.05
  82.45  15.91   6.01
  83.55  16.01   5.98
  84.65  16.10   5.95
  85.76  16.20   5.91
  86.88  16.31   5.88
  88.01  16.41   5.85
  89.15  16.51   5.82
  90.30  16.62   5.78
  91.46  16.73   5.75
  92.63  16.84   5.72
  93.81  16.95   5.69
  95.00  17.06   5.66
  96.20  17.18   5.63
  97.41  17.29   5.60
  98.63  17.41   5.57
