   0.00   3.16   3.16
   0.09   3.16   3.15
   0.17   3.16   3.14
   0.26   3.16   3.13
   0.35   3.16   3.12
   0.44   3.16   3.11
   0.52   3.16   3.10
   0.61   3.16   3.09
   0.70   3.16   3.08
   0.78   3.16   3.07
   0.87   3.16   3.06
   0.96   3.16   3.05
   1.05   3.16   3.04
   1.13   3.17   3.03
   1.22   3.17   3.02
   1.31   3.17   3.01
   1.40   3.17   3.00
   1.48   3.17   2.99
   1.57   3.17   2.98
   1.66   3.17   2.97
   1.75   3.17   2.96
   1.83   3.17   2.95
   1.92   3.17   2.94
   2.01   3.18   2.94
   2.10   3.18   2.93
   2.18   3.18   2.92
   2.27   3.18   2.91
   2.36   3.18   2.90
   2.45   3.18   2.89
   2.54   3.19   2.88
   2.62   3.19   2.87
   2.71   3.19   2.86
   2.80   3.19   2.86
   2.89   3.19   2.85
   2.98   3.20   2.84
   3.06   3.20   2.83
   3.15   3.20   2.82
   3.24   3.20   2.81
   3.33   3.20   2.80
   3.42   3.21   2.80
   3.51   3.21   2.79
   3.60   3.21   2.78
   3.68   3.21   2.77
   3.77   3.22   2.76
   3.86   3.22   2.75
   3.95   3.22   2.75
   4.04   3.22   2.74
   4.13   3.23   2.73
   4.22   3.23   2.72
   4.31   3.23   2.72
   4.40   3.24   2.71
   4.49   3.24   2.70
   4.58   3.24   2.69
   4.67   3.24   2.68
   4.76   3.25   2.68
   4.85   3.25   2.67
   4.94   3.25   2.66
   5.03   3.26   2.65
   5.12   3.26   2.65
   5.21   3.27   2.64
   5.30   3.27   2.63
   5.39   3.27   2.63
   5.48   3.28   2.62
   5.57   3.28   2.61
   5.66   3.28   2.60
   5.75   3.29   2.60
   5.85   3.29   2.59
   5.94   3.30   2.58
   6.03   3.30   2.58
   6.12   3.30   2.57
   6.21   3.31   2.56
   6.30   3.31   2.56
   6.40   3.32   2.55
   6.49   3.32   2.54
   6.58   3.33   2.54
   6.67   3.33   2.53
   6.77   3.34   2.52
   6.86   3.34   2.52
   6.95   3.34   2.51
   7.05   3.35   2.50
   7.14   3.35   2.50
   7.23   3.36   2.49
   7.33   3.36   2.49
   7.42   3.37   2.48
   7.51   3.37   2.47
   7.61   3.38   2.47
   7.70   3.39   2.46
   7.80   3.39   2.46
   7.89   3.40   2.45
   7.99   3.40   2.44
   8.08   3.41   2.44
   8.18   3.41   2.43
   8.27   3.42   2.43
   8.37   3.42   2.42
   8.46   3.43   2.41
   8.56   3.44   2.41
   8.66   3.44   2.40
   8.75   3.45   2.40
   8.85   3.45   2.39
   8.94   3.46   2.39
   9.04   3.47   2.38
   9.82   3.52   2.34
  10.62   3.58   2.30
  11.43   3.64   2.27
  12.26   3.70   2.23
  13.11   3.77   2.20
  13.97   3.85   2.17
  14.85   3.93   2.15
  15.76   4.02   2.13
  16.68   4.11   2.11
  17.63   4.21   2.09
  18.61   4.31   2.07
  19.61   4.42   2.06
  20.63   4.53   2.05
  21.68   4.65   2.05
  22.77   4.77   2.04
  23.88   4.91   2.04
  25.02   5.04   2.04
  26.19   5.19   2.04
  27.40   5.34   2.05
  28.64   5.49   2.06
  29.91   5.66   2.07
  31.21   5.82   2.08
  32.55   6.00   2.09
  33.92   6.18   2.11
  35.33   6.37   2.13
  36.77   6.56   2.15
  38.25   6.76   2.17
  39.75   6.97   2.20
  41.30   7.18   2.22
  42.87   7.40   2.25
  44.48   7.62   2.28
  46.12   7.85   2.31
  47.78   8.08   2.34
  49.48   8.32   2.38
  51.21   8.56   2.41
  52.96   8.80   2.45
  54.73   9.05   2.48
  56.54   9.30   2.52
  58.36   9.56   2.56
  60.21   9.82   2.60
  62.08  10.08   2.63
  63.96  10.35   2.67
  65.87  10.61   2.71
  67.79  10.88   2.75
  69.72  11.15   2.79
  71.68  11.43   2.82
  73.64  11.70   2.86
  75.62  11.97   2.90
  77.60  12.25   2.94
  79.60  12.52   2.97
  81.61  12.80   3.01
  83.62  13.08   3.04
  85.64  13.35   3.08
  87.67  13.63   3.11
  89.71  13.90   3.14
  91.75  14.18   3.17
  93.79  14.46   3.20
  95.84  14.73   3.23
  97.89  15.00   3.26
  99.94  15.28   3.28
 102.00  15.55   3.31
 104.06  15.82   3.33
 106.12  16.09   3.35
 108.18  16.36   3.37
 110.24  16.62   3.39
 112.31  16.89   3.41
 197.15  27.76   4.10
 279.42  38.26   4.73
 334.65  45.28   5.12
 380.00  51.01   5.41
 419.83  56.01   5.63
 456.00  60.53   5.81
 489.55  64.70   5.95
 521.10  68.60   6.06
 551.07  72.28   6.15
 579.74  75.78   6.21
 607.33  79.14   6.26
 634.00  82.36   6.28
 659.88  85.47   6.28
 685.07  88.48   6.27
 709.64  91.40   6.24
 733.68  94.23   6.19
 757.22  97.00   6.13
 780.32  99.70   6.06
 803.02 102.33   5.97
 825.36 104.91   5.87
 847.36 107.43   5.75
 869.05 109.91   5.62
 890.45 112.33   5.48
 911.59 114.72   5.33
 932.47 117.06   5.16
 937.47 117.61   5.12
 942.47 118.17   5.07
 947.47 118.72   5.03
 952.47 119.28   4.98
 957.47 119.84   4.94
 962.47 120.39   4.89
 967.47 120.95   4.85
 972.47 121.50   4.81
 977.47 122.06   4.76
 982.47 122.61   4.72
 987.47 123.17   4.67
 992.47 123.72   4.63
 997.47 124.28   4.58
1002.47 124.84   4.54
