WBZ Linear Model        3   0.12000   0.00000
 z    0.00  29.00 150.00
 v    5.60   7.80   9.00
 dd    5.0000   26   25.0000   15
 dz    4.0000   12   10.0000   15
    0.0000    5.6000        25
  -32000  -31416  -30833  -30253  -29685  -29117  -28564  -28022  -27486  -26978  -26469  -25995  -25526  -25086  -24659
  -24259  -23876  -23519  -23180  -22870  -22576  -22313  -22063  -21849  -21643  -21477  -21320  -20858  -20470  -20081
  -19693  -19304  -18915  -18527  -18138  -17772  -17515  -17258  -17002  -16745  -16488  -16231
    4.0000    5.9034       246
  -30608  -30973  -30656  -30209  -29726  -29233  -28741  -28255  -27779  -27313  -26859  -26424  -25998  -25599  -25207
  -24848  -24498  -24175  -23871  -23585  -23328  -23081  -22871  -22673  -22500  -22350  -22213  -21806  -21448  -21091
  -20733  -20376  -20018  -19661  -19303  -18946  -18588  -18231  -17873  -17537  -17359  -17180
    8.0000    6.2069       352
  -29287  -30001  -30060  -29842  -29515  -29136  -28735  -28326  -27916  -27510  -27113  -26727  -26353  -25994  -25651
  -25325  -25017  -24727  -24456  -24205  -23974  -23764  -23574  -23405  -23257  -23129  -23021  -22621  -22229  -21838
  -21446  -21055  -20663  -20271  -19915  -19602  -19290  -18977  -18665  -18416  -18193  -17971
   12.0000    6.5103       437
  -28028  -28898  -29234  -29251  -29101  -28859  -28569  -28251  -27921  -27585  -27251  -26922  -26601  -26291  -25993
  -25709  -25442  -25190  -24955  -24738  -24539  -24359  -24198  -24056  -23932  -23829  -23744  -23343  -22941  -22539
  -22138  -21737  -21380  -21024  -20668  -20312  -20004  -19710  -19416  -19172  -18938  -18728
   16.0000    6.8138       511
  -26827  -27782  -28303  -28520  -28540  -28441  -28269  -28052  -27808  -27550  -27284  -27016  -26752  -26494  -26245
  -26007  -25781  -25569  -25371  -25189  -25023  -24874  -24742  -24628  -24531  -24450  -24369  -23963  -23556  -23150
  -22767  -22390  -22012  -21635  -21295  -20964  -20643  -20356  -20075  -19833  -19602  -19404
   20.0000    7.1172       579
  -25679  -26685  -27336  -27709  -27881  -27919  -27865  -27750  -27597  -27418  -27224  -27022  -26817  -26614  -26415
  -26224  -26041  -25870  -25711  -25565  -25433  -25317  -25215  -25130  -25048  -24967  -24886  -24479  -24073  -23673
  -23290  -22906  -22523  -22174  -21825  -21504  -21188  -20907  -20640  -20392  -20178  -19986
   24.0000    7.4207       641
  -24578  -25620  -26363  -26859  -27160  -27321  -27379  -27366  -27303  -27205  -27084  -26948  -26805  -26657  -26511
  -26368  -26230  -26101  -25981  -25873  -25776  -25692  -25610  -25528  -25447  -25365  -25283  -24875  -24475  -24082
  -23689  -23312  -22944  -22593  -22253  -21934  -21635  -21355  -21097  -20862  -20651  -20468
   28.0000    7.7241       701
  -23521  -24588  -25402  -25993  -26403  -26672  -26834  -26917  -26941  -26923  -26875  -26807  -26724  -26634  -26540
  -26446  -26354  -26268  -26186  -26105  -26023  -25941  -25860  -25778  -25696  -25615  -25533  -25128  -24729  -24338
  -23955  -23583  -23225  -22882  -22555  -22245  -21955  -21684  -21439  -21215  -21015  -20844
   32.0000    7.8298      1319
  -22496  -23582  -24447  -25115  -25615  -25977  -26230  -26400  -26505  -26561  -26580  -26572  -26544  -26501  -26447
  -26387  -26321  -26251  -26179  -26106  -26031  -25955  -25879  -25802  -25725  -25648  -25571  -25186  -24805  -24431
  -24066  -23711  -23370  -23043  -22732  -22439  -22165  -21911  -21680  -21472  -21288  -21130
   36.0000    7.8694      1642
  -21477  -22577  -23483  -24211  -24782  -25222  -25554  -25799  -25975  -26095  -26174  -26218  -26237  -26236  -26218
  -26189  -26150  -26104  -26053  -25997  -25938  -25876  -25812  -25746  -25679  -25612  -25543  -25193  -24839  -24489
  -24146  -23812  -23490  -23182  -22889  -22613  -22356  -22120  -22291  -22736  -23180  -23625
   40.0000    7.9091      1883
  -20463  -21574  -22512  -23288  -23920  -24425  -24825  -25136  -25376  -25557  -25690  -25785  -25849  -25888  -25908
  -25912  -25902  -25883  -25855  -25820  -25780  -25735  -25686  -25635  -25581  -25525  -25467  -25162  -24843  -24522
  -24204  -23893  -23592  -23604  -24048  -24493  -24937  -25382  -25826  -26271  -26715  -27159
   44.0000    7.9488      2085
  -19454  -20574  -21537  -22354  -23035  -23598  -24056  -24428  -24725  -24961  -25146  -25289  -25397  -25477  -25534
  -25572  -25593  -25601  -25599  -25587  -25568  -25542  -25511  -25476  -25436  -25394  -25349  -25097  -24818  -24529
  -24600  -25045  -25489  -25934  -26378  -26823  -27267  -27711  -28156  -28600  -29045  -29489
   48.0000    7.9884      2262
  -18450  -19577  -20562  -21412  -22136  -22747  -23258  -23682  -24033  -24320  -24554  -24743  -24894  -25014  -25108
  -25179  -25232  -25269  -25292  -25305  -25308  -25303  -25291  -25273  -25250  -25223  -25192  -24998  -24898  -25343
  -25787  -26231  -26676  -27120  -27565  -28009  -28454  -28898  -29343  -29787  -30231  -30676
   58.0000    8.0876      2642
  -15962  -17103  -18128  -19041  -19847  -20555  -21172  -21708  -22171  -22571  -22914  -23208  -23460  -23675  -23857
  -24012  -24143  -24253  -24344  -24420  -24482  -24532  -24572  -24602  -24624  -24639  -24648  -25076  -25520  -25964
  -26409  -26853  -27298  -27742  -28187  -28631  -29076  -29520  -29964  -30409  -30853  -31298
   68.0000    8.1868      2966
  -13504  -14654  -15707  -16665  -17530  -18309  -19006  -19629  -20183  -20676  -21112  -21497  -21838  -22140  -22405
  -22639  -22845  -23027  -23186  -23326  -23449  -23557  -23651  -23736  -23824  -23913  -24002  -24447  -24891  -25336
  -25780  -26224  -26669  -27113  -27558  -28002  -28447  -28891  -29336  -29780  -30224  -30669
   78.0000    8.2860      3255
  -11075  -12233  -13306  -14297  -15207  -16040  -16800  -17492  -18119  -18688  -19202  -19667  -20086  -20464  -20805
  -21113  -21390  -21640  -21865  -22068  -22251  -22416  -22577  -22738  -22899  -23060  -23221  -24025  -24830  -25634
  -26439  -27243  -28048  -28853  -29657  -30462  -31266  -32071  -32875  -33680  -34484  -35289
   88.0000    8.3851      3520
   -8676   -9839  -10928  -11944  -12888  -13764  -14574  -15321  -16009  -16641  -17222  -17754  -18241  -18688  -19097
  -19471  -19814  -20127  -20414  -20678  -20920  -21159  -21398  -21637  -21876  -22115  -22354  -23548  -24742  -25937
  -27131  -28326  -29520  -30714  -31909  -33103  -34298  -35492  -36686  -37881  -39075  -40270
   98.0000    8.4843      3766
   -6305   -7472   -8573   -9609  -10581  -11492  -12342  -13135  -13873  -14558  -15195  -15785  -16332  -16839  -17308
  -17743  -18145  -18518  -18863  -19183  -19494  -19806  -20118  -20429  -20741  -21053  -21364  -22922  -24480  -26039
  -27597  -29155  -30713  -32271  -33829  -35387  -36945  -38504  -40062  -41620  -43178  -44736
  108.0000    8.5835      3997
   -3961   -5132   -6243   -7295   -8290   -9228  -10112  -10943  -11722  -12453  -13138  -13779  -14378  -14938  -15461
  -15950  -16407  -16833  -17231  -17610  -17989  -18367  -18745  -19123  -19501  -19879  -20257  -22148  -24038  -25929
  -27819  -29710  -31600  -33491  -35381  -37272  -39162  -41053  -42943  -44834  -46724  -48615
  118.0000    8.6826      4217
   -1645   -2818   -3937   -5003   -6017   -6978   -7890   -8753   -9568  -10338  -11064  -11748  -12393  -13000  -13571
  -14109  -14614  -15090  -15538  -15976  -16414  -16852  -17291  -17729  -18167  -18605  -19043  -21234  -23425  -25616
  -27807  -29998  -32189  -34380  -36571  -38762  -40953  -43144  -45335  -47526  -49717  -51908
  128.0000    8.7818      4428
     645    -530   -1656   -2733   -3762   -4744   -5680   -6570   -7416   -8219   -8981   -9704  -10388  -11037  -11651
  -12232  -12782  -13302  -13798  -14290  -14782  -15274  -15766  -16258  -16750  -17242  -17734  -20194  -22654  -25114
  -27574  -30035  -32495  -34955  -37415  -39875  -42335  -44795  -47255  -49715  -52175  -54635
  138.0000    8.8810      4630
    2909    1732     600    -486   -1529   -2528   -3483   -4397   -5269   -6102   -6895   -7652   -8372   -9057   -9709
  -10330  -10920  -11481  -12023  -12563  -13104  -13644  -14185  -14726  -15266  -15807  -16347  -19050  -21753  -24456
  -27159  -29862  -32565  -35268  -37971  -40674  -43377  -46080  -48783  -51485  -54188  -56891
  148.0000    8.9802      4825
    5149    3970    2833    1737     683    -330   -1303   -2237   -3133   -3991   -4812   -5598   -6350   -7068   -7755
   -8410   -9037   -9635  -10219  -10803  -11388  -11972  -12556  -13140  -13724  -14308  -14893  -17813  -20734  -23655
  -26576  -29497  -32418  -35338  -38259  -41180  -44101  -47022  -49943  -52863  -55784  -58705
  158.0000    9.0000     10000
    7372    6191    5050    3947    2882    1856     867     -84   -1000   -1880   -2726   -3538   -4318   -5066   -5783
   -6471   -7130   -7762   -8380   -8999   -9617  -10235  -10854  -11472  -12090  -12709  -13327  -16419  -19511  -22603
  -25695  -28787  -31879  -34970  -38062  -41154  -44246  -47338  -50430  -53522  -56614  -59705
  168.0000    9.0000     10000
    9594    8412    7267    6158    5084    4047    3044    2077    1143     243    -623   -1459   -2263   -3037   -3782
   -4498   -5187   -5849   -6498   -7146   -7794   -8442   -9090   -9738  -10387  -11035  -11683  -14924  -18165  -21406
  -24646  -27887  -31128  -34369  -37610  -40851  -44092  -47333  -50573  -53814  -57055  -60296
  178.0000    9.0000     10000
   11816   10633    9485    8370    7289    6241    5227    4246    3296    2379    1492     636    -190    -987   -1756
   -2498   -3214   -3904   -4579   -5254   -5929   -6604   -7279   -7954   -8629   -9305   -9980  -13355  -16731  -20106
  -23482  -26858  -30233  -33609  -36984  -40360  -43735  -47111  -50487  -53862  -57238  -60613
  188.0000    9.0000     10000
   14038   12855   11703   10583    9495    8439    7414    6420    5457    4524    3620    2746    1899    1081     289
    -475   -1215   -1929   -2629   -3330   -4030   -4730   -5430   -6130   -6830   -7530   -8230  -11730  -15230  -18730
  -22230  -25730  -29230  -32731  -36231  -39731  -43231  -46731  -50231  -53731  -57232  -60732
  198.0000    9.0000     10000
   16261   15076   13921   12797   11704   10640    9605    8601    7625    6677    5758    4867    4003    3165    2353
    1567     806      68    -654   -1377   -2099   -2822   -3545   -4268   -4991   -5713   -6436  -10050  -13664  -17278
  -20892  -24506  -28120  -31734  -35348  -38962  -42576  -46189  -49803  -53417  -57031  -60645
