   0.00   3.71   3.71
   0.09   3.71   3.70
   0.17   3.71   3.69
   0.26   3.71   3.68
   0.34   3.71   3.67
   0.43   3.71   3.66
   0.52   3.71   3.65
   0.60   3.71   3.64
   0.69   3.71   3.63
   0.77   3.71   3.62
   0.86   3.71   3.61
   0.95   3.71   3.60
   1.03   3.71   3.59
   1.12   3.71   3.58
   1.20   3.72   3.57
   1.29   3.72   3.56
   1.38   3.72   3.55
   1.46   3.72   3.54
   1.55   3.72   3.53
   1.63   3.72   3.52
   1.72   3.72   3.51
   1.81   3.72   3.50
   1.89   3.72   3.50
   1.98   3.72   3.49
   2.07   3.72   3.48
   2.15   3.73   3.47
   2.24   3.73   3.46
   2.32   3.73   3.45
   2.41   3.73   3.44
   2.50   3.73   3.43
   2.58   3.73   3.42
   2.67   3.73   3.41
   2.76   3.73   3.40
   2.84   3.74   3.40
   2.93   3.74   3.39
   3.02   3.74   3.38
   3.10   3.74   3.37
   3.19   3.74   3.36
   3.28   3.74   3.35
   3.36   3.75   3.34
   3.45   3.75   3.33
   3.54   3.75   3.33
   3.62   3.75   3.32
   3.71   3.75   3.31
   3.80   3.76   3.30
   3.89   3.76   3.29
   3.97   3.76   3.28
   4.06   3.76   3.28
   4.15   3.77   3.27
   4.24   3.77   3.26
   4.32   3.77   3.25
   4.41   3.77   3.24
   4.50   3.77   3.24
   4.59   3.78   3.23
   4.67   3.78   3.22
   4.76   3.78   3.21
   4.85   3.79   3.20
   4.94   3.79   3.20
   5.02   3.79   3.19
   5.11   3.79   3.18
   5.20   3.80   3.17
   5.29   3.80   3.16
   5.38   3.80   3.16
   5.47   3.81   3.15
   5.55   3.81   3.14
   5.64   3.81   3.13
   5.73   3.81   3.13
   5.82   3.82   3.12
   5.91   3.82   3.11
   6.00   3.82   3.10
   6.09   3.83   3.10
   6.18   3.83   3.09
   6.26   3.83   3.08
   6.35   3.84   3.08
   6.44   3.84   3.07
   6.53   3.84   3.06
   6.62   3.85   3.05
   6.71   3.85   3.05
   6.80   3.86   3.04
   6.89   3.86   3.03
   6.98   3.86   3.03
   7.07   3.87   3.02
   7.16   3.87   3.01
   7.25   3.88   3.01
   7.34   3.88   3.00
   7.43   3.88   2.99
   7.52   3.89   2.98
   7.61   3.89   2.98
   7.70   3.90   2.97
   7.79   3.90   2.96
   7.88   3.90   2.96
   7.98   3.91   2.95
   8.07   3.91   2.95
   8.16   3.92   2.94
   8.25   3.92   2.93
   8.34   3.93   2.93
   8.43   3.93   2.92
   8.52   3.94   2.91
   8.62   3.94   2.91
   8.71   3.95   2.90
   8.80   3.95   2.89
   9.54   3.99   2.85
  10.29   4.03   2.80
  11.05   4.08   2.76
  11.82   4.13   2.71
  12.60   4.19   2.68
  13.39   4.24   2.64
  14.19   4.31   2.60
  15.00   4.37   2.57
  15.83   4.44   2.54
  16.68   4.51   2.51
  17.53   4.59   2.48
  18.40   4.67   2.46
  19.29   4.75   2.44
  20.20   4.84   2.42
  21.12   4.93   2.40
  22.06   5.03   2.38
  23.01   5.13   2.36
  23.99   5.23   2.35
  24.98   5.34   2.34
  26.00   5.45   2.33
  27.03   5.57   2.32
  28.09   5.69   2.32
  29.16   5.81   2.31
  30.26   5.94   2.31
  31.38   6.07   2.31
  32.52   6.21   2.31
  33.69   6.35   2.31
  34.87   6.50   2.32
  36.08   6.65   2.32
  37.31   6.81   2.33
  38.56   6.96   2.34
  39.84   7.13   2.35
  41.13   7.29   2.36
  42.45   7.46   2.37
  43.79   7.64   2.38
  45.15   7.82   2.40
  46.54   8.00   2.41
  47.94   8.18   2.43
  49.36   8.37   2.45
  50.80   8.56   2.47
  52.27   8.76   2.49
  53.75   8.96   2.51
  55.25   9.16   2.53
  56.76   9.36   2.55
  58.29   9.57   2.57
  59.84   9.78   2.60
  61.41   9.99   2.62
  62.99  10.20   2.64
  64.58  10.41   2.66
  66.19  10.63   2.69
  67.81  10.85   2.71
  69.44  11.07   2.74
  71.08  11.29   2.76
  72.74  11.51   2.78
  74.40  11.74   2.81
  76.08  11.96   2.83
  77.76  12.19   2.85
  79.45  12.41   2.88
  81.15  12.64   2.90
  82.86  12.87   2.92
  84.57  13.09   2.94
  86.29  13.32   2.97
  88.02  13.55   2.99
  89.75  13.78   3.01
  91.49  14.00   3.03
  93.23  14.23   3.04
  94.97  14.46   3.06
  96.72  14.69   3.08
  98.48  14.91   3.10
 100.23  15.14   3.11
 101.99  15.37   3.13
 166.51  23.64   3.66
 239.46  32.96   4.23
 287.13  39.04   4.58
 326.18  43.99   4.85
 360.49  48.33   5.07
 391.70  52.25   5.25
 420.70  55.89   5.41
 448.03  59.30   5.54
 474.03  62.54   5.65
 498.96  65.62   5.75
 522.99  68.58   5.82
 546.26  71.44   5.89
 568.87  74.20   5.94
 590.90  76.88   5.98
 612.43  79.49   6.00
 633.51  82.03   6.01
 654.18  84.52   6.01
 674.49  86.94   6.00
 694.46  89.32   5.98
 714.13  91.65   5.95
 733.52  93.93   5.91
 752.65  96.18   5.86
 771.54  98.38   5.80
 790.21 100.55   5.73
 808.67 102.69   5.65
 826.94 104.79   5.56
 845.02 106.86   5.46
 862.93 108.90   5.35
 880.68 110.92   5.23
