   0.00   0.70   0.70
   0.09   0.70   0.69
   0.17   0.70   0.68
   0.26   0.70   0.67
   0.35   0.70   0.66
   0.43   0.70   0.65
   0.52   0.70   0.64
   0.61   0.70   0.63
   0.70   0.71   0.62
   0.79   0.71   0.61
   0.88   0.71   0.61
   0.97   0.72   0.60
   1.06   0.72   0.59
   1.15   0.72   0.59
   1.24   0.73   0.58
   1.33   0.73   0.57
   1.43   0.74   0.57
   1.52   0.74   0.56
   1.62   0.75   0.56
   1.71   0.76   0.55
   1.81   0.76   0.55
   1.91   0.77   0.54
   2.01   0.78   0.54
   2.12   0.79   0.53
   2.22   0.80   0.53
   2.33   0.80   0.53
   2.43   0.81   0.52
   2.54   0.82   0.52
   2.65   0.83   0.52
   2.77   0.85   0.51
   2.88   0.86   0.51
   3.00   0.87   0.51
   3.12   0.88   0.51
   3.24   0.90   0.51
   3.37   0.91   0.51
   3.50   0.92   0.50
   3.63   0.94   0.50
   3.77   0.96   0.50
   3.90   0.97   0.50
   4.05   0.99   0.50
   4.19   1.01   0.50
   4.34   1.03   0.51
   4.50   1.05   0.51
   4.65   1.07   0.51
   4.82   1.09   0.51
   4.98   1.11   0.51
   5.16   1.13   0.52
   5.33   1.16   0.52
   5.52   1.18   0.52
   5.71   1.21   0.53
   5.90   1.24   0.53
   6.11   1.27   0.54
   6.32   1.30   0.54
   6.53   1.33   0.55
   6.76   1.37   0.55
   6.99   1.40   0.56
   7.23   1.44   0.57
   7.48   1.47   0.58
   7.74   1.51   0.59
   8.01   1.56   0.60
   8.29   1.60   0.61
   8.58   1.65   0.62
   8.89   1.69   0.63
   9.20   1.74   0.64
   9.53   1.80   0.65
   9.88   1.85   0.67
  10.23   1.91   0.68
  10.60   1.97   0.70
  10.99   2.03   0.71
  11.39   2.10   0.73
  11.81   2.17   0.75
  12.25   2.24   0.77
  12.71   2.31   0.79
  13.18   2.39   0.81
  13.68   2.48   0.83
  14.20   2.56   0.86
  14.73   2.65   0.88
  15.29   2.74   0.91
  15.87   2.84   0.94
  16.47   2.94   0.97
  17.10   3.05   1.00
  17.75   3.16   1.03
  18.42   3.27   1.06
  19.12   3.39   1.09
  19.83   3.51   1.13
  20.58   3.63   1.16
  21.34   3.76   1.20
  22.13   3.90   1.24
  22.94   4.03   1.28
  23.77   4.18   1.32
  24.63   4.32   1.36
  25.50   4.47   1.41
  26.40   4.62   1.45
  27.31   4.77   1.50
  28.24   4.93   1.54
  29.19   5.09   1.59
  30.16   5.26   1.64
  31.14   5.42   1.69
  32.14   5.59   1.73
  33.15   5.76   1.78
  34.18   5.93   1.83
  42.73   7.37   2.24
  51.66   8.85   2.65
  60.72  10.32   3.03
  69.77  11.76   3.39
  78.73  13.16   3.71
  87.57  14.50   4.00
  96.29  15.80   4.24
 104.88  17.04   4.46
 113.35  18.24   4.63
 121.71  19.38   4.78
 129.97  20.49   4.89
 138.13  21.55   4.98
 452.11  61.47   7.22
 601.11  79.88   7.75
 719.37  94.12   7.79
 822.60 106.22   7.50
 916.59 116.96   6.97
 921.59 117.51   6.92
 926.59 118.07   6.88
 931.59 118.62   6.83
 936.59 119.18   6.79
 941.59 119.73   6.74
 946.59 120.29   6.70
 951.59 120.84   6.65
 956.59 121.40   6.61
 961.59 121.96   6.57
 966.59 122.51   6.52
 971.59 123.07   6.48
 976.59 123.62   6.43
 981.59 124.18   6.39
 986.59 124.73   6.34
