   0.00   1.99   1.99
   0.09   1.99   1.97
   0.18   1.99   1.96
   0.27   1.99   1.95
   0.36   1.99   1.94
   0.45   1.99   1.93
   0.54   1.99   1.92
   0.63   1.99   1.91
   0.71   1.99   1.90
   0.80   1.99   1.89
   0.89   1.99   1.88
   0.98   1.99   1.87
   1.07   1.99   1.86
   1.16   1.99   1.86
   1.25   2.00   1.85
   1.34   2.00   1.84
   1.43   2.00   1.83
   1.52   2.00   1.82
   1.61   2.00   1.81
   1.70   2.01   1.80
   1.79   2.01   1.79
   1.88   2.01   1.78
   1.98   2.01   1.78
   2.07   2.01   1.77
   2.16   2.02   1.76
   2.25   2.02   1.75
   2.34   2.02   1.74
   2.43   2.03   1.73
   2.52   2.03   1.73
   2.62   2.03   1.72
   2.71   2.04   1.71
   2.80   2.04   1.70
   2.89   2.04   1.70
   2.98   2.05   1.69
   3.08   2.05   1.68
   3.17   2.05   1.67
   3.26   2.06   1.67
   3.36   2.06   1.66
   3.45   2.07   1.65
   3.55   2.07   1.64
   3.64   2.07   1.64
   3.73   2.08   1.63
   3.83   2.08   1.62
   3.92   2.09   1.62
   4.02   2.09   1.61
   4.12   2.10   1.60
   4.21   2.10   1.60
   4.31   2.11   1.59
   4.40   2.11   1.59
   4.50   2.12   1.58
   4.60   2.13   1.57
   4.70   2.13   1.57
   4.79   2.14   1.56
   4.89   2.14   1.56
   4.99   2.15   1.55
   5.09   2.16   1.55
   5.19   2.16   1.54
   5.29   2.17   1.53
   5.39   2.18   1.53
   5.49   2.18   1.52
   5.59   2.19   1.52
   5.69   2.20   1.51
   5.80   2.20   1.51
   5.90   2.21   1.50
   6.00   2.22   1.50
   6.10   2.23   1.49
   6.21   2.23   1.49
   6.31   2.24   1.49
   6.42   2.25   1.48
   6.52   2.26   1.48
   6.63   2.27   1.47
   6.73   2.28   1.47
   6.84   2.28   1.46
   6.95   2.29   1.46
   7.05   2.30   1.46
   7.16   2.31   1.45
   7.27   2.32   1.45
   7.38   2.33   1.44
   7.49   2.34   1.44
   7.60   2.35   1.44
   7.71   2.36   1.43
   7.82   2.37   1.43
   7.93   2.38   1.43
   8.05   2.39   1.42
   8.16   2.40   1.42
   8.27   2.41   1.42
   8.39   2.42   1.41
   8.50   2.43   1.41
   8.62   2.44   1.41
   8.74   2.45   1.41
   8.85   2.47   1.40
   8.97   2.48   1.40
   9.09   2.49   1.40
   9.21   2.50   1.40
   9.33   2.51   1.39
   9.45   2.53   1.39
   9.57   2.54   1.39
   9.70   2.55   1.39
   9.82   2.56   1.39
   9.94   2.58   1.38
  10.07   2.59   1.38
  11.09   2.70   1.37
  12.18   2.83   1.36
  13.32   2.96   1.36
  14.54   3.11   1.37
  15.83   3.28   1.38
  17.20   3.46   1.40
  18.66   3.66   1.42
  20.22   3.88   1.45
  21.88   4.12   1.49
  23.64   4.37   1.53
  25.51   4.64   1.58
  27.49   4.94   1.64
  29.59   5.25   1.70
  31.80   5.59   1.77
  34.13   5.94   1.85
  36.56   6.31   1.93
  39.10   6.70   2.01
  41.73   7.11   2.10
  44.46   7.52   2.19
  47.26   7.95   2.28
  50.14   8.40   2.38
  53.09   8.85   2.48
  56.10   9.31   2.57
  59.15   9.77   2.67
  62.24  10.24   2.77
  65.37  10.71   2.87
  68.53  11.18   2.96
  71.71  11.66   3.05
  74.92  12.13   3.14
  78.13  12.61   3.23
  81.35  13.08   3.31
  84.59  13.55   3.39
  87.82  14.01   3.47
  91.06  14.47   3.55
  94.30  14.93   3.62
  97.54  15.39   3.68
 100.77  15.84   3.74
 104.00  16.28   3.80
 107.22  16.72   3.86
 110.44  17.16   3.91
 113.65  17.59   3.95
 116.85  18.02   4.00
 120.05  18.44   4.03
 123.24  18.86   4.07
 126.42  19.27   4.10
 254.65  35.69   5.13
 360.55  49.15   5.88
 434.17  58.42   6.32
 495.20  66.03   6.60
 549.04  72.67   6.79
 598.08  78.67   6.90
 643.67  84.19   6.95
 686.61  89.35   6.95
 727.46  94.20   6.90
 766.58  98.80   6.81
 804.27 103.20   6.68
 840.75 107.41   6.52
 876.17 111.46   6.32
 910.68 115.37   6.09
 944.38 119.15   5.82
 949.38 119.70   5.78
 954.38 120.26   5.73
 959.38 120.82   5.69
 964.38 121.37   5.65
 969.38 121.93   5.60
 974.38 122.48   5.56
 979.38 123.04   5.51
 984.38 123.59   5.47
 989.38 124.15   5.42
 994.38 124.70   5.38
 999.38 125.26   5.33
1004.38 125.82   5.29
1009.38 126.37   5.25
1014.38 126.93   5.20
