   0.00  23.02  23.02
   0.14  23.02  23.00
   0.21  23.02  22.99
   0.27  23.02  22.99
   0.36  23.02  22.98
   0.44  23.02  22.97
   0.55  23.02  22.95
   0.64  23.02  22.94
   0.72  23.02  22.93
   0.82  23.02  22.92
   0.91  23.02  22.91
   1.01  23.02  22.90
   1.09  23.02  22.89
   1.19  23.02  22.88
   1.28  23.02  22.87
   1.37  23.02  22.86
   1.47  23.02  22.84
   1.56  23.02  22.83
   1.65  23.02  22.82
   1.74  23.02  22.81
   1.83  23.02  22.80
   1.92  23.02  22.79
   2.02  23.02  22.78
   2.11  23.02  22.77
   2.19  23.02  22.76
   2.29  23.02  22.75
   2.38  23.02  22.74
   2.47  23.02  22.73
   2.56  23.02  22.71
   2.65  23.02  22.70
   2.75  23.02  22.69
   2.84  23.02  22.68
   2.93  23.02  22.67
   3.02  23.02  22.66
   3.11  23.02  22.65
   3.20  23.02  22.64
   3.29  23.02  22.63
   3.39  23.02  22.62
   3.48  23.02  22.61
   3.57  23.02  22.60
   3.66  23.02  22.58
   3.75  23.02  22.57
   3.85  23.02  22.56
   3.94  23.02  22.55
   4.03  23.02  22.54
   4.12  23.02  22.53
   4.21  23.03  22.52
   4.30  23.03  22.51
   4.39  23.03  22.50
   4.48  23.03  22.49
   4.58  23.03  22.48
   4.67  23.03  22.47
   4.76  23.03  22.46
   4.85  23.03  22.44
   4.94  23.03  22.43
   5.03  23.03  22.42
   5.13  23.03  22.41
   5.22  23.03  22.40
   5.31  23.03  22.39
   5.40  23.03  22.38
   5.49  23.03  22.37
   5.58  23.03  22.36
   5.67  23.03  22.35
   5.77  23.03  22.34
   5.86  23.03  22.33
   5.95  23.03  22.32
   6.04  23.03  22.31
   6.13  23.03  22.30
   6.23  23.03  22.28
   6.32  23.03  22.27
   6.41  23.03  22.26
   6.50  23.03  22.25
   6.59  23.03  22.24
   6.68  23.03  22.23
   6.77  23.03  22.22
   6.87  23.03  22.21
   6.96  23.04  22.20
   7.05  23.04  22.19
   7.14  23.04  22.18
   7.23  23.04  22.17
   7.33  23.04  22.16
   7.41  23.04  22.15
   7.51  23.04  22.14
   7.60  23.04  22.13
   7.69  23.04  22.12
   7.78  23.04  22.11
   7.87  23.04  22.09
   7.97  23.04  22.08
   8.06  23.04  22.07
   8.15  23.04  22.06
   8.24  23.04  22.05
   8.33  23.04  22.04
   8.42  23.04  22.03
   8.52  23.04  22.02
   8.61  23.04  22.01
   8.70  23.04  22.00
   8.79  23.04  21.99
   8.88  23.04  21.98
   8.97  23.05  21.97
   9.07  23.05  21.96
   9.16  23.05  21.95
   9.89  23.05  21.86
  10.62  23.06  21.78
  11.36  23.06  21.70
  12.09  23.07  21.62
  12.83  23.07  21.53
  13.56  23.08  21.45
  14.30  23.09  21.37
  15.03  23.09  21.29
  15.77  23.10  21.21
  16.50  23.11  21.13
  17.24  23.11  21.05
  17.97  23.12  20.97
  18.71  23.13  20.89
  19.45  23.14  20.81
  20.19  23.15  20.73
  20.92  23.16  20.65
  21.66  23.17  20.57
  22.40  23.18  20.49
  23.14  23.19  20.41
  23.88  23.20  20.34
  24.62  23.21  20.26
  25.36  23.23  20.18
  26.10  23.24  20.11
  26.84  23.25  20.03
  27.58  23.26  19.95
  28.33  23.28  19.88
  29.07  23.29  19.80
  29.81  23.30  19.73
  30.56  23.32  19.65
  31.30  23.33  19.58
  32.05  23.35  19.50
  32.80  23.36  19.43
  33.54  23.38  19.35
  34.29  23.39  19.28
  35.04  23.41  19.21
  35.79  23.43  19.13
  36.54  23.45  19.06
  37.29  23.46  18.99
  38.04  23.48  18.92
  38.79  23.50  18.84
  39.54  23.52  18.77
  40.30  23.54  18.70
  41.05  23.56  18.63
  41.81  23.58  18.56
  42.56  23.60  18.49
  43.32  23.62  18.42
  44.08  23.64  18.35
  44.83  23.66  18.28
  45.59  23.68  18.21
  46.35  23.70  18.14
  47.12  23.72  18.07
  47.88  23.75  18.00
  48.64  23.77  17.93
  49.41  23.79  17.86
  50.17  23.82  17.80
  50.94  23.84  17.73
  51.70  23.86  17.66
  52.47  23.89  17.59
  53.24  23.91  17.53
  54.01  23.94  17.46
  54.78  23.97  17.39
  55.56  23.99  17.33
  56.33  24.02  17.26
  57.11  24.05  17.19
  57.88  24.07  17.13
  58.66  24.10  17.06
  59.44  24.13  17.00
  60.22  24.16  16.93
  61.00  24.19  16.87
  61.78  24.22  16.80
  62.56  24.25  16.74
  63.35  24.28  16.67
  64.13  24.31  16.61
  64.92  24.34  16.55
  65.71  24.37  16.48
  66.50  24.40  16.42
  67.29  24.43  16.36
  68.08  24.46  16.29
  68.88  24.50  16.23
  69.67  24.53  16.17
  70.47  24.56  16.11
  71.27  24.60  16.05
  72.07  24.63  15.98
  72.87  24.67  15.92
  73.67  24.70  15.86
  74.48  24.74  15.80
  75.28  24.77  15.74
  76.09  24.81  15.68
  76.90  24.85  15.62
  77.71  24.89  15.56
  78.52  24.92  15.50
  79.34  24.96  15.44
  80.15  25.00  15.38
  80.97  25.04  15.32
  81.79  25.08  15.26
  82.61  25.12  15.20
  83.43  25.16  15.15
  84.26  25.20  15.09
  85.08  25.24  15.03
  85.91  25.28  14.97
