   0.00  12.85  12.85
   0.08  12.85  12.84
   0.20  12.85  12.82
   0.27  12.85  12.81
   0.37  12.85  12.80
   0.45  12.85  12.79
   0.55  12.85  12.78
   0.64  12.85  12.77
   0.73  12.85  12.76
   0.82  12.85  12.75
   0.91  12.85  12.74
   1.00  12.85  12.73
   1.09  12.85  12.72
   1.18  12.85  12.71
   1.27  12.85  12.70
   1.36  12.85  12.69
   1.45  12.85  12.68
   1.54  12.85  12.66
   1.63  12.85  12.65
   1.72  12.85  12.64
   1.81  12.85  12.63
   1.90  12.85  12.62
   1.99  12.85  12.61
   2.08  12.85  12.60
   2.17  12.85  12.59
   2.26  12.85  12.58
   2.35  12.85  12.57
   2.44  12.85  12.56
   2.53  12.85  12.55
   2.62  12.85  12.54
   2.72  12.85  12.53
   2.81  12.85  12.52
   2.90  12.85  12.51
   2.99  12.85  12.49
   3.08  12.85  12.48
   3.17  12.85  12.47
   3.26  12.85  12.46
   3.35  12.85  12.45
   3.44  12.86  12.44
   3.53  12.86  12.43
   3.62  12.86  12.42
   3.71  12.86  12.41
   3.80  12.86  12.40
   3.89  12.86  12.39
   3.98  12.86  12.38
   4.07  12.86  12.37
   4.16  12.86  12.36
   4.25  12.86  12.35
   4.35  12.86  12.34
   4.43  12.86  12.33
   4.53  12.86  12.32
   4.62  12.86  12.31
   4.71  12.86  12.30
   4.80  12.86  12.29
   4.89  12.86  12.28
   4.98  12.86  12.27
   5.07  12.86  12.26
   5.16  12.86  12.25
   5.25  12.87  12.24
   5.34  12.87  12.23
   5.43  12.87  12.21
   5.52  12.87  12.20
   5.61  12.87  12.19
   5.70  12.87  12.18
   5.79  12.87  12.17
   5.89  12.87  12.16
   5.98  12.87  12.15
   6.07  12.87  12.14
   6.16  12.87  12.13
   6.25  12.87  12.12
   6.34  12.87  12.11
   6.43  12.87  12.10
   6.52  12.88  12.09
   6.61  12.88  12.08
   6.70  12.88  12.07
   6.79  12.88  12.06
   6.88  12.88  12.05
   6.97  12.88  12.04
   7.06  12.88  12.03
   7.16  12.88  12.02
   7.25  12.88  12.01
   7.34  12.88  12.00
   7.43  12.88  11.99
   7.52  12.88  11.98
   7.61  12.89  11.97
   7.70  12.89  11.96
   7.79  12.89  11.95
   7.88  12.89  11.94
   7.97  12.89  11.93
   8.06  12.89  11.92
   8.15  12.89  11.91
   8.25  12.89  11.90
   8.34  12.89  11.89
   8.43  12.89  11.88
   8.52  12.90  11.87
   8.61  12.90  11.86
   8.70  12.90  11.85
   8.79  12.90  11.84
   8.88  12.90  11.83
   8.97  12.90  11.82
   9.06  12.90  11.81
   9.79  12.91  11.74
  10.52  12.92  11.66
  11.25  12.93  11.58
  11.98  12.94  11.50
  12.71  12.95  11.43
  13.44  12.97  11.35
  14.18  12.98  11.28
  14.91  12.99  11.20
  15.65  13.01  11.13
  16.38  13.02  11.06
  17.12  13.04  10.99
  17.86  13.06  10.91
  18.60  13.07  10.84
  19.34  13.09  10.77
  20.08  13.11  10.70
  20.82  13.13  10.63
  21.57  13.15  10.56
  22.31  13.17  10.49
  23.06  13.19  10.43
  23.81  13.22  10.36
  24.56  13.24  10.29
  25.32  13.26  10.23
  26.07  13.29  10.16
  26.83  13.31  10.09
  27.59  13.34  10.03
  28.35  13.37   9.97
  29.11  13.40   9.90
  29.88  13.42   9.84
  30.64  13.45   9.78
  31.41  13.48   9.71
  32.18  13.51   9.65
  32.96  13.55   9.59
  33.73  13.58   9.53
  34.51  13.61   9.47
  35.29  13.65   9.41
  36.08  13.68   9.35
  36.86  13.72   9.29
  37.65  13.75   9.23
  38.44  13.79   9.18
  39.24  13.83   9.12
  40.03  13.87   9.06
  40.83  13.90   9.00
  41.64  13.94   8.95
  42.44  13.99   8.89
  43.25  14.03   8.84
  44.07  14.07   8.78
  44.88  14.11   8.73
  45.70  14.16   8.67
  46.52  14.20   8.62
  47.35  14.25   8.57
  48.18  14.30   8.52
  49.01  14.34   8.46
  49.85  14.39   8.41
  50.69  14.44   8.36
  51.53  14.49   8.31
  52.38  14.54   8.26
  53.23  14.60   8.21
  54.08  14.65   8.16
  54.94  14.70   8.11
  55.81  14.76   8.06
  56.67  14.81   8.01
  57.55  14.87   7.97
  58.42  14.93   7.92
  59.30  14.99   7.87
  60.19  15.05   7.82
  61.08  15.11   7.78
  61.98  15.17   7.73
  62.87  15.23   7.69
  63.78  15.29   7.64
  64.69  15.36   7.60
  65.60  15.42   7.55
  66.52  15.49   7.51
  67.45  15.56   7.46
  68.38  15.62   7.42
  69.31  15.69   7.38
  70.25  15.76   7.33
  71.20  15.84   7.29
  72.15  15.91   7.25
  73.11  15.98   7.21
  74.07  16.06   7.17
  75.04  16.13   7.13
  76.02  16.21   7.09
  77.00  16.29   7.05
  77.99  16.36   7.01
  78.98  16.44   6.97
  79.98  16.53   6.93
  80.99  16.61   6.89
  82.00  16.69   6.85
  83.02  16.78   6.81
  84.05  16.86   6.78
  85.08  16.95   6.74
  86.12  17.04   6.70
  87.17  17.12   6.66
  88.22  17.21   6.63
  89.29  17.31   6.59
  90.36  17.40   6.56
  91.43  17.49   6.52
  92.52  17.59   6.49
  93.61  17.69   6.45
  94.71  17.78   6.42
