   0.00  21.91  21.91
   0.12  21.91  21.89
   0.20  21.91  21.88
   0.28  21.91  21.88
   0.35  21.91  21.87
   0.45  21.91  21.85
   0.55  21.91  21.84
   0.64  21.91  21.83
   0.73  21.91  21.82
   0.83  21.91  21.81
   0.92  21.91  21.80
   1.00  21.91  21.79
   1.09  21.91  21.78
   1.18  21.91  21.77
   1.27  21.91  21.76
   1.37  21.91  21.74
   1.46  21.91  21.73
   1.55  21.91  21.72
   1.64  21.91  21.71
   1.73  21.91  21.70
   1.82  21.91  21.69
   1.91  21.91  21.68
   2.00  21.91  21.67
   2.10  21.91  21.66
   2.19  21.91  21.65
   2.28  21.91  21.64
   2.37  21.91  21.63
   2.46  21.91  21.62
   2.55  21.91  21.60
   2.64  21.91  21.59
   2.73  21.91  21.58
   2.82  21.91  21.57
   2.91  21.91  21.56
   3.01  21.91  21.55
   3.09  21.91  21.54
   3.19  21.91  21.53
   3.28  21.91  21.52
   3.37  21.91  21.51
   3.46  21.91  21.50
   3.55  21.91  21.49
   3.64  21.91  21.48
   3.73  21.91  21.47
   3.82  21.91  21.45
   3.91  21.91  21.44
   4.01  21.91  21.43
   4.10  21.91  21.42
   4.19  21.91  21.41
   4.28  21.91  21.40
   4.37  21.91  21.39
   4.46  21.92  21.38
   4.55  21.92  21.37
   4.64  21.92  21.36
   4.74  21.92  21.35
   4.83  21.92  21.34
   4.92  21.92  21.33
   5.01  21.92  21.32
   5.10  21.92  21.31
   5.19  21.92  21.29
   5.28  21.92  21.28
   5.37  21.92  21.27
   5.46  21.92  21.26
   5.56  21.92  21.25
   5.65  21.92  21.24
   5.74  21.92  21.23
   5.83  21.92  21.22
   5.92  21.92  21.21
   6.01  21.92  21.20
   6.10  21.92  21.19
   6.19  21.92  21.18
   6.28  21.92  21.17
   6.37  21.92  21.16
   6.47  21.92  21.15
   6.56  21.92  21.14
   6.65  21.92  21.13
   6.74  21.92  21.12
   6.83  21.92  21.10
   6.92  21.92  21.09
   7.01  21.93  21.08
   7.10  21.93  21.07
   7.20  21.93  21.06
   7.29  21.93  21.05
   7.38  21.93  21.04
   7.47  21.93  21.03
   7.56  21.93  21.02
   7.65  21.93  21.01
   7.74  21.93  21.00
   7.83  21.93  20.99
   7.92  21.93  20.98
   8.02  21.93  20.97
   8.11  21.93  20.96
   8.20  21.93  20.95
   8.29  21.93  20.94
   8.38  21.93  20.93
   8.47  21.93  20.92
   8.56  21.93  20.91
   8.65  21.93  20.90
   8.75  21.93  20.89
   8.84  21.94  20.87
   8.93  21.94  20.86
   9.02  21.94  20.85
   9.11  21.94  20.84
   9.84  21.94  20.76
  10.57  21.95  20.68
  11.30  21.95  20.60
  12.03  21.96  20.51
  12.76  21.96  20.43
  13.49  21.97  20.35
  14.22  21.98  20.27
  14.95  21.98  20.19
  15.69  21.99  20.11
  16.42  22.00  20.03
  17.15  22.01  19.95
  17.88  22.02  19.87
  18.62  22.03  19.79
  19.35  22.04  19.71
  20.08  22.05  19.64
  20.82  22.06  19.56
  21.55  22.07  19.48
  22.29  22.08  19.40
  23.03  22.09  19.33
  23.76  22.10  19.25
  24.50  22.11  19.17
  25.24  22.12  19.10
  25.97  22.14  19.02
  26.71  22.15  18.95
  27.45  22.16  18.87
  28.19  22.18  18.80
  28.93  22.19  18.72
  29.67  22.21  18.65
  30.42  22.22  18.57
  31.16  22.24  18.50
  31.90  22.25  18.43
  32.64  22.27  18.35
  33.39  22.29  18.28
  34.13  22.30  18.21
  34.88  22.32  18.13
  35.63  22.34  18.06
  36.37  22.36  17.99
  37.12  22.37  17.92
  37.87  22.39  17.85
  38.62  22.41  17.78
  39.37  22.43  17.71
  40.12  22.45  17.64
  40.88  22.47  17.57
  41.63  22.49  17.50
  42.38  22.51  17.43
  43.14  22.54  17.36
  43.89  22.56  17.29
  44.65  22.58  17.22
  45.41  22.60  17.15
  46.17  22.62  17.08
  46.93  22.65  17.02
  47.69  22.67  16.95
  48.45  22.70  16.88
  49.21  22.72  16.81
  49.98  22.75  16.75
  50.74  22.77  16.68
  51.51  22.80  16.62
  52.28  22.82  16.55
  53.05  22.85  16.48
  53.82  22.88  16.42
  54.59  22.90  16.35
  55.36  22.93  16.29
  56.13  22.96  16.22
  56.91  22.99  16.16
  57.68  23.02  16.09
  58.46  23.05  16.03
  59.24  23.08  15.97
  60.02  23.11  15.90
  60.80  23.14  15.84
  61.58  23.17  15.78
  62.37  23.20  15.71
  63.15  23.23  15.65
  63.94  23.26  15.59
  64.73  23.29  15.53
  65.52  23.33  15.47
  66.31  23.36  15.40
  67.10  23.39  15.34
  67.89  23.43  15.28
  68.69  23.46  15.22
  69.49  23.50  15.16
  70.29  23.53  15.10
  71.09  23.57  15.04
  71.89  23.61  14.98
  72.69  23.64  14.92
  73.50  23.68  14.86
  74.30  23.72  14.80
  75.11  23.76  14.74
  75.92  23.79  14.68
  76.73  23.83  14.62
  77.55  23.87  14.57
  78.36  23.91  14.51
  79.18  23.95  14.45
  80.00  23.99  14.39
  80.82  24.03  14.34
  81.64  24.08  14.28
  82.47  24.12  14.22
  83.29  24.16  14.16
  84.12  24.20  14.11
  84.95  24.25  14.05
  85.79  24.29  13.99
