   0.00   1.36   1.36
   0.09   1.36   1.35
   0.18   1.36   1.34
   0.27   1.36   1.32
   0.36   1.36   1.31
   0.45   1.36   1.30
   0.54   1.36   1.29
   0.63   1.36   1.29
   0.72   1.36   1.28
   0.81   1.36   1.27
   0.90   1.36   1.26
   0.99   1.37   1.25
   1.08   1.37   1.24
   1.17   1.37   1.23
   1.26   1.37   1.22
   1.35   1.38   1.21
   1.44   1.38   1.21
   1.53   1.38   1.20
   1.63   1.38   1.19
   1.72   1.39   1.18
   1.81   1.39   1.17
   1.90   1.39   1.17
   2.00   1.40   1.16
   2.09   1.40   1.15
   2.18   1.41   1.14
   2.28   1.41   1.14
   2.37   1.41   1.13
   2.47   1.42   1.12
   2.56   1.42   1.12
   2.66   1.43   1.11
   2.75   1.43   1.10
   2.85   1.44   1.10
   2.95   1.45   1.09
   3.05   1.45   1.09
   3.15   1.46   1.08
   3.24   1.46   1.07
   3.34   1.47   1.07
   3.44   1.48   1.06
   3.54   1.48   1.06
   3.65   1.49   1.05
   3.75   1.50   1.05
   3.85   1.51   1.04
   3.95   1.51   1.04
   4.06   1.52   1.03
   4.16   1.53   1.03
   4.27   1.54   1.02
   4.37   1.55   1.02
   4.48   1.55   1.02
   4.59   1.56   1.01
   4.70   1.57   1.01
   4.81   1.58   1.01
   4.92   1.59   1.00
   5.03   1.60   1.00
   5.14   1.61   0.99
   5.26   1.62   0.99
   5.37   1.63   0.99
   5.49   1.64   0.99
   5.60   1.66   0.98
   5.72   1.67   0.98
   5.84   1.68   0.98
   5.96   1.69   0.98
   6.08   1.70   0.97
   6.20   1.72   0.97
   6.33   1.73   0.97
   6.45   1.74   0.97
   6.58   1.76   0.97
   6.71   1.77   0.96
   6.83   1.78   0.96
   6.96   1.80   0.96
   7.10   1.81   0.96
   7.23   1.83   0.96
   7.36   1.84   0.96
   7.50   1.86   0.96
   7.64   1.87   0.96
   7.78   1.89   0.96
   7.92   1.91   0.96
   8.06   1.92   0.96
   8.20   1.94   0.96
   8.35   1.96   0.96
   8.50   1.98   0.96
   8.65   2.00   0.96
   8.80   2.01   0.96
   8.95   2.03   0.96
   9.11   2.05   0.96
   9.26   2.07   0.96
   9.42   2.09   0.96
   9.58   2.12   0.97
   9.75   2.14   0.97
   9.91   2.16   0.97
  10.08   2.18   0.97
  10.25   2.20   0.97
  10.42   2.23   0.98
  10.60   2.25   0.98
  10.77   2.27   0.98
  10.95   2.30   0.98
  11.13   2.32   0.99
  11.32   2.35   0.99
  11.51   2.37   0.99
  11.70   2.40   1.00
  11.89   2.43   1.00
  12.08   2.45   1.00
  13.75   2.69   1.04
  15.62   2.97   1.10
  17.73   3.29   1.16
  20.10   3.66   1.25
  22.75   4.07   1.34
  25.70   4.54   1.46
  28.94   5.06   1.59
  32.47   5.63   1.73
  36.26   6.24   1.89
  40.27   6.89   2.05
  44.49   7.56   2.22
  48.85   8.26   2.40
  53.34   8.97   2.57
  57.92   9.70   2.75
  62.56  10.42   2.92
  67.24  11.15   3.08
  71.95  11.87   3.24
  76.67  12.59   3.39
  81.39  13.30   3.53
  86.10  14.00   3.67
  90.80  14.69   3.79
  95.48  15.37   3.91
 100.14  16.03   4.02
 104.78  16.69   4.11
 109.40  17.33   4.20
 114.00  17.96   4.28
 118.57  18.58   4.35
 123.12  19.19   4.41
 127.65  19.78   4.47
 132.15  20.37   4.51
 318.90  44.24   5.97
 437.34  59.19   6.71
 524.77  70.07   7.10
 598.70  79.15   7.30
 664.66  87.13   7.37
 725.24  94.35   7.32
 781.88 101.01   7.19
 835.50 107.23   6.97
 886.72 113.09   6.69
 935.96 118.65   6.33
 940.96 119.21   6.29
 945.96 119.76   6.25
 950.96 120.32   6.20
 955.96 120.87   6.16
 960.96 121.43   6.11
 965.96 121.98   6.07
 970.96 122.54   6.02
 975.96 123.09   5.98
 980.96 123.65   5.93
 985.96 124.21   5.89
 990.96 124.76   5.85
 995.96 125.32   5.80
1000.96 125.87   5.76
1005.96 126.43   5.71
