   0.00  20.80  20.80
   0.11  20.80  20.78
   0.18  20.80  20.78
   0.28  20.80  20.76
   0.37  20.80  20.75
   0.45  20.80  20.74
   0.55  20.80  20.73
   0.63  20.80  20.72
   0.72  20.80  20.71
   0.82  20.80  20.70
   0.91  20.80  20.69
   1.00  20.80  20.68
   1.09  20.80  20.67
   1.18  20.80  20.66
   1.27  20.80  20.65
   1.36  20.80  20.64
   1.45  20.80  20.62
   1.54  20.80  20.61
   1.63  20.80  20.60
   1.72  20.80  20.59
   1.81  20.80  20.58
   1.90  20.80  20.57
   1.99  20.80  20.56
   2.08  20.80  20.55
   2.17  20.80  20.54
   2.26  20.80  20.53
   2.35  20.80  20.52
   2.44  20.80  20.51
   2.53  20.80  20.50
   2.63  20.80  20.48
   2.72  20.80  20.47
   2.80  20.80  20.46
   2.90  20.80  20.45
   2.99  20.80  20.44
   3.08  20.80  20.43
   3.17  20.80  20.42
   3.26  20.80  20.41
   3.35  20.80  20.40
   3.44  20.80  20.39
   3.53  20.80  20.38
   3.62  20.80  20.37
   3.71  20.80  20.36
   3.80  20.80  20.35
   3.89  20.80  20.34
   3.98  20.80  20.33
   4.07  20.80  20.31
   4.16  20.80  20.30
   4.25  20.80  20.29
   4.35  20.80  20.28
   4.44  20.80  20.27
   4.53  20.80  20.26
   4.62  20.81  20.25
   4.71  20.81  20.24
   4.80  20.81  20.23
   4.89  20.81  20.22
   4.98  20.81  20.21
   5.07  20.81  20.20
   5.16  20.81  20.19
   5.25  20.81  20.18
   5.34  20.81  20.17
   5.43  20.81  20.16
   5.52  20.81  20.15
   5.61  20.81  20.14
   5.70  20.81  20.12
   5.79  20.81  20.11
   5.88  20.81  20.10
   5.98  20.81  20.09
   6.07  20.81  20.08
   6.16  20.81  20.07
   6.25  20.81  20.06
   6.34  20.81  20.05
   6.43  20.81  20.04
   6.52  20.81  20.03
   6.61  20.81  20.02
   6.70  20.81  20.01
   6.79  20.81  20.00
   6.88  20.81  19.99
   6.97  20.81  19.98
   7.06  20.82  19.97
   7.15  20.82  19.96
   7.24  20.82  19.95
   7.33  20.82  19.94
   7.43  20.82  19.93
   7.52  20.82  19.92
   7.61  20.82  19.91
   7.70  20.82  19.90
   7.79  20.82  19.88
   7.88  20.82  19.87
   7.97  20.82  19.86
   8.06  20.82  19.85
   8.15  20.82  19.84
   8.24  20.82  19.83
   8.33  20.82  19.82
   8.42  20.82  19.81
   8.51  20.82  19.80
   8.60  20.82  19.79
   8.69  20.82  19.78
   8.78  20.83  19.77
   8.88  20.83  19.76
   8.97  20.83  19.75
   9.06  20.83  19.74
   9.78  20.83  19.66
  10.51  20.84  19.58
  11.23  20.84  19.49
  11.96  20.85  19.41
  12.69  20.86  19.33
  13.41  20.86  19.25
  14.14  20.87  19.17
  14.87  20.88  19.09
  15.60  20.89  19.01
  16.33  20.89  18.93
  17.05  20.90  18.86
  17.78  20.91  18.78
  18.51  20.92  18.70
  19.24  20.93  18.62
  19.97  20.94  18.55
  20.70  20.95  18.47
  21.44  20.96  18.39
  22.17  20.98  18.32
  22.90  20.99  18.24
  23.63  21.00  18.16
  24.37  21.01  18.09
  25.10  21.03  18.01
  25.83  21.04  17.94
  26.57  21.05  17.86
  27.31  21.07  17.79
  28.04  21.08  17.72
  28.78  21.10  17.64
  29.52  21.11  17.57
  30.26  21.13  17.50
  30.99  21.14  17.42
  31.73  21.16  17.35
  32.48  21.18  17.28
  33.22  21.20  17.21
  33.96  21.21  17.14
  34.70  21.23  17.07
  35.45  21.25  17.00
  36.19  21.27  16.93
  36.94  21.29  16.86
  37.68  21.31  16.79
  38.43  21.33  16.72
  39.18  21.35  16.65
  39.93  21.37  16.58
  40.68  21.39  16.51
  41.43  21.41  16.44
  42.18  21.44  16.37
  42.93  21.46  16.31
  43.69  21.48  16.24
  44.44  21.50  16.17
  45.20  21.53  16.10
  45.96  21.55  16.04
  46.72  21.58  15.97
  47.48  21.60  15.90
  48.24  21.63  15.84
  49.00  21.65  15.77
  49.76  21.68  15.71
  50.53  21.71  15.64
  51.29  21.73  15.58
  52.06  21.76  15.51
  52.83  21.79  15.45
  53.60  21.82  15.39
  54.37  21.85  15.32
  55.14  21.88  15.26
  55.91  21.91  15.20
  56.68  21.94  15.13
  57.46  21.97  15.07
  58.24  22.00  15.01
  59.02  22.03  14.95
  59.80  22.06  14.88
  60.58  22.09  14.82
  61.36  22.12  14.76
  62.15  22.16  14.70
  62.93  22.19  14.64
  63.72  22.23  14.58
  64.51  22.26  14.52
  65.30  22.29  14.46
  66.09  22.33  14.40
  66.89  22.37  14.34
  67.68  22.40  14.28
  68.48  22.44  14.22
  69.28  22.47  14.16
  70.08  22.51  14.10
  70.88  22.55  14.04
  71.68  22.59  13.99
  72.49  22.63  13.93
  73.30  22.67  13.87
  74.11  22.71  13.81
  74.92  22.75  13.76
  75.73  22.79  13.70
  76.55  22.83  13.64
  77.36  22.87  13.59
  78.18  22.91  13.53
  79.00  22.95  13.47
  79.83  23.00  13.42
  80.65  23.04  13.36
  81.48  23.08  13.31
  82.31  23.13  13.25
  83.14  23.17  13.20
  83.97  23.22  13.14
  84.80  23.26  13.09
  85.64  23.31  13.03
