   0.00  17.45  17.45
   0.09  17.45  17.44
   0.18  17.46  17.43
   0.27  17.46  17.42
   0.36  17.46  17.41
   0.45  17.46  17.40
   0.54  17.46  17.39
   0.63  17.46  17.38
   0.72  17.46  17.37
   0.81  17.46  17.36
   0.90  17.46  17.35
   0.99  17.46  17.34
   1.08  17.46  17.33
   1.17  17.46  17.32
   1.26  17.46  17.31
   1.35  17.46  17.29
   1.44  17.46  17.28
   1.53  17.46  17.27
   1.61  17.46  17.26
   1.70  17.46  17.25
   1.79  17.46  17.24
   1.88  17.46  17.23
   1.97  17.46  17.22
   2.06  17.46  17.21
   2.15  17.46  17.20
   2.24  17.46  17.19
   2.33  17.46  17.18
   2.42  17.46  17.17
   2.51  17.46  17.16
   2.60  17.46  17.15
   2.69  17.46  17.14
   2.78  17.46  17.12
   2.87  17.46  17.11
   2.96  17.46  17.10
   3.05  17.46  17.09
   3.14  17.46  17.08
   3.23  17.46  17.07
   3.32  17.46  17.06
   3.41  17.46  17.05
   3.50  17.46  17.04
   3.59  17.46  17.03
   3.68  17.46  17.02
   3.77  17.46  17.01
   3.86  17.46  17.00
   3.95  17.46  16.99
   4.04  17.46  16.98
   4.13  17.46  16.97
   4.22  17.46  16.96
   4.31  17.46  16.95
   4.40  17.46  16.94
   4.49  17.46  16.93
   4.58  17.46  16.92
   4.67  17.46  16.90
   4.76  17.47  16.89
   4.85  17.47  16.88
   4.94  17.47  16.87
   5.03  17.47  16.86
   5.11  17.47  16.85
   5.20  17.47  16.84
   5.29  17.47  16.83
   5.38  17.47  16.82
   5.47  17.47  16.81
   5.56  17.47  16.80
   5.65  17.47  16.79
   5.74  17.47  16.78
   5.83  17.47  16.77
   5.92  17.47  16.76
   6.01  17.47  16.75
   6.10  17.47  16.74
   6.19  17.47  16.73
   6.28  17.47  16.72
   6.37  17.47  16.71
   6.46  17.47  16.70
   6.55  17.47  16.69
   6.64  17.47  16.68
   6.73  17.48  16.67
   6.82  17.48  16.66
   6.91  17.48  16.65
   7.00  17.48  16.64
   7.09  17.48  16.63
   7.18  17.48  16.62
   7.27  17.48  16.61
   7.36  17.48  16.60
   7.45  17.48  16.59
   7.54  17.48  16.58
   7.63  17.48  16.57
   7.72  17.48  16.56
   7.81  17.48  16.55
   7.90  17.48  16.54
   7.99  17.48  16.53
   8.08  17.48  16.51
   8.17  17.49  16.50
   8.26  17.49  16.49
   8.35  17.49  16.48
   8.44  17.49  16.47
   8.53  17.49  16.46
   8.62  17.49  16.45
   8.71  17.49  16.44
   8.80  17.49  16.43
   8.89  17.49  16.42
   8.98  17.49  16.41
   9.70  17.50  16.33
  10.42  17.50  16.25
  11.14  17.51  16.17
  11.86  17.52  16.10
  12.58  17.53  16.02
  13.30  17.53  15.94
  14.02  17.54  15.86
  14.75  17.55  15.78
  15.47  17.56  15.71
  16.19  17.57  15.63
  16.92  17.58  15.55
  17.64  17.60  15.48
  18.37  17.61  15.40
  19.09  17.62  15.33
  19.82  17.63  15.25
  20.55  17.65  15.18
  21.27  17.66  15.11
  22.00  17.67  15.03
  22.73  17.69  14.96
  23.46  17.70  14.89
  24.19  17.72  14.82
  24.92  17.73  14.74
  25.66  17.75  14.67
  26.39  17.77  14.60
  27.12  17.79  14.53
  27.86  17.80  14.46
  28.59  17.82  14.39
  29.33  17.84  14.32
  30.07  17.86  14.25
  30.81  17.88  14.18
  31.55  17.90  14.11
  32.29  17.92  14.05
  33.03  17.94  13.98
  33.77  17.96  13.91
  34.52  17.99  13.84
  35.26  18.01  13.78
  36.01  18.03  13.71
  36.76  18.06  13.65
  37.51  18.08  13.58
  38.26  18.11  13.51
  39.01  18.13  13.45
  39.76  18.16  13.39
  40.52  18.18  13.32
  41.27  18.21  13.26
  42.03  18.24  13.19
  42.79  18.27  13.13
  43.55  18.29  13.07
  44.31  18.32  13.00
  45.07  18.35  12.94
  45.84  18.38  12.88
  46.61  18.41  12.82
  47.37  18.44  12.76
  48.14  18.47  12.70
  48.91  18.51  12.64
  49.69  18.54  12.58
  50.46  18.57  12.52
  51.24  18.61  12.46
  52.01  18.64  12.40
  52.79  18.67  12.34
  53.58  18.71  12.28
  54.36  18.74  12.22
  55.14  18.78  12.16
  55.93  18.82  12.11
  56.72  18.85  12.05
  57.51  18.89  11.99
  58.30  18.93  11.93
  59.10  18.97  11.88
  59.90  19.01  11.82
  60.69  19.05  11.77
  61.50  19.09  11.71
  62.30  19.13  11.65
  63.10  19.17  11.60
  63.91  19.21  11.54
  64.72  19.26  11.49
  65.53  19.30  11.44
  66.35  19.34  11.38
  67.17  19.39  11.33
  67.98  19.43  11.27
  68.81  19.48  11.22
  69.63  19.52  11.17
  70.46  19.57  11.12
  71.28  19.62  11.06
  72.12  19.67  11.01
  72.95  19.71  10.96
  73.79  19.76  10.91
  74.62  19.81  10.86
  75.47  19.86  10.81
  76.31  19.91  10.76
  77.16  19.96  10.71
  78.01  20.02  10.66
  78.86  20.07  10.61
  79.71  20.12  10.56
  80.57  20.18  10.51
  81.43  20.23  10.46
  82.30  20.28  10.41
  83.16  20.34  10.36
  84.03  20.40  10.31
  84.91  20.45  10.26
  85.78  20.51  10.22
  86.66  20.57  10.17
