   0.00  19.69  19.69
   0.10  19.69  19.67
   0.21  19.69  19.66
   0.26  19.69  19.66
   0.37  19.69  19.64
   0.45  19.69  19.63
   0.53  19.69  19.62
   0.63  19.69  19.61
   0.72  19.69  19.60
   0.82  19.69  19.59
   0.90  19.69  19.58
   0.98  19.69  19.57
   1.08  19.69  19.56
   1.17  19.69  19.55
   1.26  19.69  19.54
   1.35  19.69  19.52
   1.44  19.69  19.51
   1.53  19.69  19.50
   1.62  19.69  19.49
   1.71  19.69  19.48
   1.80  19.69  19.47
   1.89  19.69  19.46
   1.98  19.69  19.45
   2.07  19.69  19.44
   2.16  19.69  19.43
   2.25  19.69  19.42
   2.34  19.69  19.41
   2.43  19.69  19.40
   2.52  19.69  19.39
   2.61  19.69  19.38
   2.70  19.69  19.37
   2.79  19.69  19.35
   2.88  19.69  19.34
   2.97  19.69  19.33
   3.06  19.69  19.32
   3.15  19.69  19.31
   3.24  19.69  19.30
   3.33  19.69  19.29
   3.42  19.69  19.28
   3.51  19.69  19.27
   3.60  19.69  19.26
   3.69  19.69  19.25
   3.78  19.69  19.24
   3.87  19.69  19.23
   3.96  19.69  19.22
   4.05  19.69  19.21
   4.14  19.69  19.20
   4.23  19.69  19.19
   4.32  19.69  19.18
   4.41  19.69  19.16
   4.50  19.69  19.15
   4.59  19.69  19.14
   4.68  19.69  19.13
   4.77  19.69  19.12
   4.86  19.70  19.11
   4.95  19.70  19.10
   5.04  19.70  19.09
   5.13  19.70  19.08
   5.22  19.70  19.07
   5.31  19.70  19.06
   5.40  19.70  19.05
   5.49  19.70  19.04
   5.58  19.70  19.03
   5.67  19.70  19.02
   5.76  19.70  19.01
   5.85  19.70  19.00
   5.94  19.70  18.99
   6.03  19.70  18.98
   6.12  19.70  18.97
   6.21  19.70  18.96
   6.30  19.70  18.95
   6.39  19.70  18.94
   6.48  19.70  18.93
   6.57  19.70  18.91
   6.66  19.70  18.90
   6.75  19.70  18.89
   6.84  19.70  18.88
   6.93  19.70  18.87
   7.02  19.71  18.86
   7.11  19.71  18.85
   7.20  19.71  18.84
   7.29  19.71  18.83
   7.38  19.71  18.82
   7.47  19.71  18.81
   7.56  19.71  18.80
   7.65  19.71  18.79
   7.74  19.71  18.78
   7.83  19.71  18.77
   7.92  19.71  18.76
   8.01  19.71  18.75
   8.10  19.71  18.74
   8.19  19.71  18.73
   8.28  19.71  18.72
   8.37  19.71  18.71
   8.46  19.71  18.70
   8.55  19.71  18.69
   8.64  19.72  18.68
   8.73  19.72  18.67
   8.82  19.72  18.66
   8.91  19.72  18.65
   9.00  19.72  18.64
   9.72  19.72  18.56
  10.44  19.73  18.48
  11.16  19.73  18.40
  11.88  19.74  18.32
  12.61  19.75  18.24
  13.33  19.76  18.16
  14.05  19.76  18.08
  14.77  19.77  18.00
  15.50  19.78  17.92
  16.22  19.79  17.84
  16.94  19.80  17.76
  17.67  19.81  17.69
  18.39  19.82  17.61
  19.12  19.83  17.53
  19.85  19.84  17.46
  20.57  19.85  17.38
  21.30  19.86  17.31
  22.03  19.87  17.23
  22.76  19.89  17.16
  23.49  19.90  17.08
  24.21  19.91  17.01
  24.94  19.93  16.93
  25.68  19.94  16.86
  26.41  19.96  16.79
  27.14  19.97  16.71
  27.87  19.99  16.64
  28.61  20.00  16.57
  29.34  20.02  16.50
  30.07  20.04  16.43
  30.81  20.05  16.36
  31.55  20.07  16.28
  32.28  20.09  16.21
  33.02  20.11  16.14
  33.76  20.13  16.07
  34.50  20.14  16.00
  35.24  20.16  15.94
  35.98  20.18  15.87
  36.73  20.20  15.80
  37.47  20.23  15.73
  38.22  20.25  15.66
  38.96  20.27  15.59
  39.71  20.29  15.53
  40.46  20.31  15.46
  41.20  20.34  15.39
  41.95  20.36  15.33
  42.70  20.38  15.26
  43.46  20.41  15.19
  44.21  20.43  15.13
  44.96  20.46  15.06
  45.72  20.48  15.00
  46.48  20.51  14.93
  47.23  20.54  14.87
  47.99  20.56  14.80
  48.75  20.59  14.74
  49.52  20.62  14.68
  50.28  20.65  14.61
  51.04  20.68  14.55
  51.81  20.70  14.49
  52.58  20.73  14.43
  53.34  20.76  14.36
  54.11  20.80  14.30
  54.89  20.83  14.24
  55.66  20.86  14.18
  56.43  20.89  14.12
  57.21  20.92  14.06
  57.99  20.95  14.00
  58.76  20.99  13.94
  59.54  21.02  13.88
  60.33  21.06  13.82
  61.11  21.09  13.76
  61.89  21.12  13.70
  62.68  21.16  13.64
  63.47  21.20  13.58
  64.26  21.23  13.52
  65.05  21.27  13.46
  65.84  21.31  13.41
  66.64  21.34  13.35
  67.44  21.38  13.29
  68.24  21.42  13.23
  69.04  21.46  13.18
  69.84  21.50  13.12
  70.64  21.54  13.06
  71.45  21.58  13.01
  72.26  21.62  12.95
  73.07  21.66  12.90
  73.88  21.71  12.84
  74.69  21.75  12.78
  75.51  21.79  12.73
  76.33  21.83  12.68
  77.15  21.88  12.62
  77.97  21.92  12.57
  78.80  21.97  12.51
  79.62  22.01  12.46
  80.45  22.06  12.41
  81.28  22.11  12.35
  82.12  22.15  12.30
  82.95  22.20  12.25
  83.79  22.25  12.19
  84.63  22.30  12.14
  85.47  22.35  12.09
