   0.00   5.26   5.26
   0.08   5.26   5.25
   0.17   5.26   5.24
   0.26   5.26   5.23
   0.35   5.26   5.22
   0.43   5.26   5.21
   0.52   5.26   5.20
   0.61   5.26   5.19
   0.69   5.26   5.18
   0.78   5.26   5.17
   0.87   5.26   5.16
   0.95   5.26   5.15
   1.04   5.26   5.14
   1.13   5.26   5.13
   1.21   5.26   5.12
   1.30   5.26   5.11
   1.39   5.27   5.10
   1.47   5.27   5.09
   1.56   5.27   5.08
   1.65   5.27   5.07
   1.74   5.27   5.06
   1.82   5.27   5.05
   1.91   5.27   5.04
   2.00   5.27   5.03
   2.08   5.27   5.02
   2.17   5.27   5.01
   2.26   5.27   5.00
   2.34   5.27   4.99
   2.43   5.27   4.98
   2.52   5.27   4.97
   2.60   5.27   4.96
   2.69   5.28   4.95
   2.78   5.28   4.94
   2.87   5.28   4.93
   2.95   5.28   4.92
   3.04   5.28   4.92
   3.13   5.28   4.91
   3.21   5.28   4.90
   3.30   5.28   4.89
   3.39   5.28   4.88
   3.48   5.29   4.87
   3.56   5.29   4.86
   3.65   5.29   4.85
   3.74   5.29   4.84
   3.82   5.29   4.83
   3.91   5.29   4.82
   4.00   5.29   4.81
   4.09   5.29   4.80
   4.17   5.30   4.80
   4.26   5.30   4.79
   4.35   5.30   4.78
   4.44   5.30   4.77
   4.52   5.30   4.76
   4.61   5.30   4.75
   4.70   5.31   4.74
   4.79   5.31   4.73
   4.87   5.31   4.72
   4.96   5.31   4.72
   5.05   5.31   4.71
   5.14   5.31   4.70
   5.23   5.32   4.69
   5.31   5.32   4.68
   5.40   5.32   4.67
   5.49   5.32   4.66
   5.58   5.32   4.65
   5.66   5.33   4.65
   5.75   5.33   4.64
   5.84   5.33   4.63
   5.93   5.33   4.62
   6.02   5.33   4.61
   6.11   5.34   4.60
   6.19   5.34   4.59
   6.28   5.34   4.59
   6.37   5.34   4.58
   6.46   5.34   4.57
   6.55   5.35   4.56
   6.63   5.35   4.55
   6.72   5.35   4.54
   6.81   5.35   4.54
   6.90   5.36   4.53
   6.99   5.36   4.52
   7.08   5.36   4.51
   7.17   5.36   4.50
   7.26   5.37   4.50
   7.34   5.37   4.49
   7.43   5.37   4.48
   7.52   5.37   4.47
   7.61   5.38   4.46
   7.70   5.38   4.46
   7.79   5.38   4.45
   7.88   5.38   4.44
   7.97   5.39   4.43
   8.06   5.39   4.42
   8.15   5.39   4.42
   8.23   5.40   4.41
   8.32   5.40   4.40
   8.41   5.40   4.39
   8.50   5.40   4.38
   8.59   5.41   4.38
   8.68   5.41   4.37
   8.77   5.41   4.36
   9.49   5.44   4.30
  10.21   5.47   4.24
  10.94   5.50   4.18
  11.68   5.53   4.13
  12.41   5.56   4.07
  13.16   5.60   4.02
  13.91   5.64   3.97
  14.66   5.68   3.92
  15.42   5.72   3.87
  16.19   5.76   3.82
  16.97   5.81   3.77
  17.75   5.86   3.73
  18.54   5.91   3.68
  19.34   5.96   3.64
  20.15   6.02   3.60
  20.97   6.08   3.56
  21.79   6.14   3.52
  22.63   6.20   3.49
  23.48   6.27   3.45
  24.33   6.33   3.41
  25.20   6.40   3.38
  26.08   6.48   3.35
  26.98   6.55   3.32
  27.88   6.63   3.29
  28.80   6.71   3.26
  29.73   6.80   3.23
  30.68   6.88   3.20
  31.64   6.97   3.18
  32.61   7.07   3.15
  33.61   7.16   3.13
  34.62   7.26   3.11
  35.64   7.36   3.09
  36.69   7.47   3.07
  37.75   7.58   3.05
  38.83   7.69   3.03
  39.94   7.81   3.01
  41.06   7.92   3.00
  42.21   8.05   2.98
  43.38   8.17   2.97
  44.58   8.31   2.96
  45.80   8.44   2.94
  47.05   8.58   2.93
  48.33   8.72   2.92
  49.63   8.87   2.92
  50.97   9.02   2.91
  52.35   9.18   2.90
  53.76   9.35   2.89
  55.21   9.51   2.89
  56.70   9.69   2.89
  58.23   9.87   2.88
  59.81  10.06   2.88
  61.45  10.25   2.88
  63.13  10.46   2.88
  64.88  10.67   2.88
  66.69  10.89   2.88
  68.57  11.12   2.89
  70.53  11.36   2.89
  72.57  11.61   2.90
  74.71  11.87   2.90
  76.95  12.15   2.91
  79.30  12.44   2.92
  81.78  12.75   2.93
  84.40  13.07   2.94
  87.18  13.42   2.96
  90.14  13.79   2.97
  93.29  14.19   2.99
  96.67  14.61   3.01
 100.30  15.07   3.03
 104.21  15.56   3.06
 108.43  16.10   3.08
 113.01  16.67   3.11
 117.98  17.30   3.15
 123.37  17.99   3.18
 129.23  18.73   3.22
 135.59  19.54   3.27
 142.49  20.41   3.32
 149.93  21.36   3.37
 157.93  22.38   3.42
 166.49  23.46   3.48
 175.59  24.62   3.55
 185.20  25.84   3.62
 195.30  27.12   3.69
 205.83  28.46   3.76
 216.76  29.85   3.84
 228.03  31.28   3.91
 239.60  32.74   3.99
 251.43  34.24   4.07
 263.47  35.77   4.15
 275.69  37.31   4.23
 288.06  38.87   4.31
 300.55  40.45   4.38
 313.13  42.03   4.46
 325.79  43.63   4.53
 338.51  45.22   4.60
 351.26  46.82   4.67
 364.04  48.43   4.74
 376.84  50.03   4.81
 389.64  51.63   4.87
 402.44  53.22   4.93
 415.23  54.81   4.99
